('default', [[2, 11], [9, 6], [7, 7], [6, 8], [0, 11], [5, 9], [4, 12], [1, 16], [11, 11], [10, 7], [3, 11], [8, 9], [6, 2], [7, 2], [1, 6], [2, 2], [3, -4], [4, -1], [5, -3], [0, 5]], 36.359999895095825)
[-11.00, 'move', [55, 4, -21], [-21, 7, -55], [1, -59, -8]]
[-10.41, 'move', [55, 4, -21], [-21, 17, -53], [-2, -57, -17]]
[-10.38, 'move', [55, 4, -21], [-21, 27, -49], [-6, -53, -26]]
[-10.36, 'move', [55, 4, -21], [-19, 35, -43], [-9, -47, -34]]
[-10.33, 'move', [55, 4, -21], [-17, 43, -37], [-12, -40, -41]]
[-10.30, 'move', [55, 4, -21], [-15, 50, -29], [-15, -32, -47]]
[-10.28, 'move', [55, 4, -21], [-12, 55, -20], [-18, -23, -52]]
[-10.25, 'move', [55, 4, -21], [-8, 58, -11], [-20, -13, -54]]
[-10.22, 'move', [55, 4, -21], [-5, 59, -1], [-21, -3, -55]]
[-10.20, 'move', [55, 4, -21], [-1, 59, 8], [-21, 7, -55]]
[-10.17, 'move', [55, 4, -21], [2, 57, 17], [-21, 17, -53]]
[-10.16, 'move', [55, 4, -21], [6, 53, 26], [-21, 27, -49]]
[-10.13, 'move', [55, 4, -21], [9, 47, 34], [-19, 35, -43]]
[-10.09, 'move', [55, 4, -21], [12, 40, 41], [-17, 43, -37]]
[-10.08, 'move', [55, 4, -21], [15, 32, 47], [-15, 50, -29]]
[-10.05, 'move', [55, 4, -21], [18, 23, 52], [-12, 55, -20]]
[-9.56, 'move', [58, 8, -12], [8, 22, 55], [-12, 55, -20]]
[-9.55, 'move', [58, 12, -2], [-1, 20, 56], [-12, 55, -20]]
[-9.52, 'move', [57, 15, 7], [-12, 18, 55], [-12, 55, -20]]
[-9.50, 'move', [54, 18, 16], [-21, 15, 53], [-12, 55, -20]]
[-9.47, 'move', [49, 20, 26], [-30, 11, 50], [-12, 55, -20]]
[-9.44, 'move', [43, 22, 34], [-39, 7, 44], [-12, 55, -20]]
[-9.42, 'move', [36, 23, 41], [-46, 3, 38], [-12, 55, -20]]
[-9.39, 'move', [27, 23, 47], [-51, 0, 30], [-12, 55, -20]]
[-8.53, 'move', [18, 23, 52], [-55, -4, 21], [-12, 55, -20]]
[-8.50, 'move', [8, 22, 55], [-58, -8, 12], [-12, 55, -20]]
[-8.47, 'move', [-1, 20, 56], [-58, -12, 2], [-12, 55, -20]]
[-8.45, 'move', [-12, 18, 55], [-57, -15, -7], [-12, 55, -20]]
[-8.42, 'move', [-21, 15, 53], [-54, -18, -16], [-12, 55, -20]]
[-8.39, 'move', [-30, 11, 50], [-49, -20, -26], [-12, 55, -20]]
[-8.38, 'move', [-39, 7, 44], [-43, -22, -34], [-12, 55, -20]]
[-8.34, 'move', [-46, 3, 38], [-36, -23, -41], [-12, 55, -20]]
[-8.33, 'move', [-51, 0, 30], [-27, -23, -47], [-12, 55, -20]]
[-8.13, 'move', [-55, -4, 21], [-18, -23, -52], [-12, 55, -20]]
[-8.11, 'move', [-58, -8, 12], [-8, -22, -55], [-12, 55, -20]]
[-8.08, 'move', [-58, -12, 2], [1, -20, -56], [-12, 55, -20]]
[-8.06, 'move', [-57, -15, -7], [12, -18, -55], [-12, 55, -20]]
[-8.03, 'move', [-54, -18, -16], [21, -15, -53], [-12, 55, -20]]
[-8.00, 'move', [-49, -20, -26], [30, -11, -50], [-12, 55, -20]]
[-7.98, 'move', [-43, -22, -34], [39, -7, -44], [-12, 55, -20]]
[-7.63, 'move', [-49, -20, -26], [30, -11, -50], [-12, 55, -20]]
[-7.59, 'move', [-54, -18, -16], [21, -15, -53], [-12, 55, -20]]
[-7.58, 'move', [-57, -15, -7], [12, -18, -55], [-12, 55, -20]]
[-7.55, 'move', [-58, -12, 2], [1, -20, -56], [-12, 55, -20]]
[-7.05, 'move', [-58, -8, 12], [-8, -22, -55], [-12, 55, -20]]
[-7.02, 'move', [-55, -4, 21], [-18, -23, -52], [-12, 55, -20]]
[-7.00, 'move', [-51, 0, 30], [-27, -23, -47], [-12, 55, -20]]
[-6.97, 'move', [-46, 3, 38], [-36, -23, -41], [-12, 55, -20]]
[-6.95, 'move', [-39, 7, 44], [-43, -22, -34], [-12, 55, -20]]
[-6.92, 'move', [-30, 11, 50], [-49, -20, -26], [-12, 55, -20]]
[-6.89, 'move', [-21, 15, 53], [-54, -18, -16], [-12, 55, -20]]
[-6.52, 'move', [-12, 18, 55], [-57, -15, -7], [-12, 55, -20]]
[-6.50, 'move', [-1, 20, 56], [-58, -12, 2], [-12, 55, -20]]
[-6.47, 'move', [8, 22, 55], [-58, -8, 12], [-12, 55, -20]]
[-6.44, 'move', [18, 23, 52], [-55, -4, 21], [-12, 55, -20]]
[-6.17, 'move', [8, 22, 55], [-58, -8, 12], [-12, 55, -20]]
[-6.14, 'move', [-1, 20, 56], [-58, -12, 2], [-12, 55, -20]]
[-6.13, 'move', [-12, 18, 55], [-57, -15, -7], [-12, 55, -20]]
[-6.09, 'move', [-21, 15, 53], [-54, -18, -16], [-12, 55, -20]]
[-6.06, 'move', [-30, 11, 50], [-49, -20, -26], [-12, 55, -20]]
[-6.05, 'move', [-39, 7, 44], [-43, -22, -34], [-12, 55, -20]]
[-6.02, 'move', [-46, 3, 38], [-36, -23, -41], [-12, 55, -20]]
[-5.78, 'move', [-51, 0, 30], [-27, -23, -47], [-12, 55, -20]]
[-5.77, 'move', [-55, -4, 21], [-18, -23, -52], [-12, 55, -20]]
[-5.73, 'move', [-58, -8, 12], [-8, -22, -55], [-12, 55, -20]]
[-5.70, 'move', [-58, -12, 2], [1, -20, -56], [-12, 55, -20]]
[-5.52, 'move', [-58, -8, 12], [-8, -22, -55], [-12, 55, -20]]
[-5.50, 'move', [-55, -4, 21], [-18, -23, -52], [-12, 55, -20]]
[-5.47, 'move', [-51, 0, 30], [-27, -23, -47], [-12, 55, -20]]
[-5.44, 'move', [-46, 3, 38], [-36, -23, -41], [-12, 55, -20]]
[-5.42, 'move', [-39, 7, 44], [-43, -22, -34], [-12, 55, -20]]
[-5.39, 'move', [-30, 11, 50], [-49, -20, -26], [-12, 55, -20]]
[-5.36, 'move', [-21, 15, 53], [-54, -18, -16], [-12, 55, -20]]
[-5.34, 'move', [-12, 18, 55], [-57, -15, -7], [-12, 55, -20]]
[-5.31, 'move', [-1, 20, 56], [-58, -12, 2], [-12, 55, -20]]
[-5.30, 'move', [8, 22, 55], [-58, -8, 12], [-12, 55, -20]]
[-4.77, 'move', [-1, 20, 56], [-58, -12, 2], [-12, 55, -20]]
[-4.75, 'move', [-12, 18, 55], [-57, -15, -7], [-12, 55, -20]]
[-4.72, 'move', [-21, 15, 53], [-54, -18, -16], [-12, 55, -20]]
[-4.70, 'move', [-30, 11, 50], [-49, -20, -26], [-12, 55, -20]]
[-4.67, 'move', [-39, 7, 44], [-43, -22, -34], [-12, 55, -20]]
[-4.64, 'move', [-46, 3, 38], [-36, -23, -41], [-12, 55, -20]]
[-4.63, 'move', [-51, 0, 30], [-27, -23, -47], [-12, 55, -20]]
[-4.59, 'move', [-55, -4, 21], [-18, -23, -52], [-12, 55, -20]]
[-4.23, 'move', [-58, -8, 12], [-8, -22, -55], [-12, 55, -20]]
[0.09, 'turn', 'R1']
[0.56, 'turn', 'R1']
[0.72, 'turn', 'B1']
[0.84, 'turn', 'R3']
[1.28, 'move', [-58, -12, 2], [1, -20, -56], [-12, 55, -20]]
[1.31, 'move', [-57, -15, -7], [12, -18, -55], [-12, 55, -20]]
[1.33, 'move', [-54, -18, -16], [21, -15, -53], [-12, 55, -20]]
[1.36, 'move', [-49, -20, -26], [30, -11, -50], [-12, 55, -20]]
[1.39, 'move', [-43, -22, -34], [39, -7, -44], [-12, 55, -20]]
[1.41, 'move', [-36, -23, -41], [46, -3, -38], [-12, 55, -20]]
[1.44, 'move', [-27, -23, -47], [51, 0, -30], [-12, 55, -20]]
[1.47, 'move', [-18, -23, -52], [55, 4, -21], [-12, 55, -20]]
[1.48, 'move', [-8, -22, -55], [58, 8, -12], [-12, 55, -20]]
[1.52, 'move', [1, -20, -56], [58, 12, -2], [-12, 55, -20]]
[1.55, 'move', [12, -18, -55], [57, 15, 7], [-12, 55, -20]]
[2.30, 'move', [1, -20, -56], [58, 12, -2], [-12, 55, -20]]
[2.33, 'move', [-8, -22, -55], [58, 8, -12], [-12, 55, -20]]
[2.36, 'move', [-18, -23, -52], [55, 4, -21], [-12, 55, -20]]
[2.38, 'move', [-27, -23, -47], [51, 0, -30], [-12, 55, -20]]
[2.41, 'move', [-36, -23, -41], [46, -3, -38], [-12, 55, -20]]
[2.44, 'move', [-43, -22, -34], [39, -7, -44], [-12, 55, -20]]
[2.45, 'move', [-49, -20, -26], [30, -11, -50], [-12, 55, -20]]
[2.48, 'move', [-54, -18, -16], [21, -15, -53], [-12, 55, -20]]
[2.52, 'move', [-57, -15, -7], [12, -18, -55], [-12, 55, -20]]
[2.88, 'turn', 'L1']
[2.98, 'move', [-58, -12, 2], [1, -20, -56], [-12, 55, -20]]
[3.02, 'move', [-58, -8, 12], [-8, -22, -55], [-12, 55, -20]]
[3.05, 'move', [-55, -4, 21], [-18, -23, -52], [-12, 55, -20]]
[3.06, 'move', [-51, 0, 30], [-27, -23, -47], [-12, 55, -20]]
[3.09, 'move', [-46, 3, 38], [-36, -23, -41], [-12, 55, -20]]
[3.13, 'move', [-39, 7, 44], [-43, -22, -34], [-12, 55, -20]]
[3.14, 'move', [-30, 11, 50], [-49, -20, -26], [-12, 55, -20]]
[3.17, 'move', [-21, 15, 53], [-54, -18, -16], [-12, 55, -20]]
[3.19, 'move', [-12, 18, 55], [-57, -15, -7], [-12, 55, -20]]
[3.22, 'move', [-1, 20, 56], [-58, -12, 2], [-12, 55, -20]]
[3.25, 'move', [8, 22, 55], [-58, -8, 12], [-12, 55, -20]]
[3.45, 'turn', 'D3']
[3.69, 'turn', 'B1']
[3.89, 'turn', 'D1']
[4.17, 'move', [18, 23, 52], [-55, -4, 21], [-12, 55, -20]]
[4.19, 'move', [27, 23, 47], [-51, 0, 30], [-12, 55, -20]]
[4.22, 'move', [36, 23, 41], [-46, 3, 38], [-12, 55, -20]]
[4.25, 'move', [43, 22, 34], [-39, 7, 44], [-12, 55, -20]]
[4.27, 'move', [49, 20, 26], [-30, 11, 50], [-12, 55, -20]]
[4.30, 'move', [54, 18, 16], [-21, 15, 53], [-12, 55, -20]]
[4.33, 'move', [57, 15, 7], [-12, 18, 55], [-12, 55, -20]]
[4.34, 'move', [58, 12, -2], [-1, 20, 56], [-12, 55, -20]]
[4.64, 'move', [57, 15, 7], [-12, 18, 55], [-12, 55, -20]]
[4.67, 'move', [54, 18, 16], [-21, 15, 53], [-12, 55, -20]]
[4.69, 'move', [49, 20, 26], [-30, 11, 50], [-12, 55, -20]]
[4.72, 'move', [43, 22, 34], [-39, 7, 44], [-12, 55, -20]]
[4.75, 'move', [36, 23, 41], [-46, 3, 38], [-12, 55, -20]]
[4.77, 'move', [27, 23, 47], [-51, 0, 30], [-12, 55, -20]]
[4.80, 'move', [18, 23, 52], [-55, -4, 21], [-12, 55, -20]]
[5.14, 'turn', 'U3']
[5.38, 'turn', 'B3']
[5.50, 'turn', 'B3']
[5.70, 'move', [15, 32, 47], [-55, -4, 21], [-15, 50, -29]]
[5.72, 'move', [12, 40, 41], [-55, -4, 21], [-17, 43, -37]]
[5.75, 'move', [9, 47, 34], [-55, -4, 21], [-19, 35, -43]]
[5.78, 'move', [6, 53, 26], [-55, -4, 21], [-21, 27, -49]]
[5.80, 'move', [2, 57, 17], [-55, -4, 21], [-21, 17, -53]]
[5.83, 'move', [-1, 59, 8], [-55, -4, 21], [-21, 7, -55]]
[5.86, 'move', [-5, 59, -1], [-55, -4, 21], [-21, -3, -55]]
[5.88, 'move', [-8, 58, -11], [-55, -4, 21], [-20, -13, -54]]
[5.91, 'move', [-12, 55, -20], [-55, -4, 21], [-18, -23, -52]]
[5.92, 'move', [-15, 50, -29], [-55, -4, 21], [-15, -32, -47]]
[5.95, 'move', [-17, 43, -37], [-55, -4, 21], [-12, -40, -41]]
[5.98, 'move', [-19, 35, -43], [-55, -4, 21], [-9, -47, -34]]
[6.00, 'move', [-21, 27, -49], [-55, -4, 21], [-6, -53, -26]]
[6.03, 'move', [-21, 17, -53], [-55, -4, 21], [-2, -57, -17]]
[6.06, 'move', [-21, 7, -55], [-55, -4, 21], [1, -59, -8]]
[6.08, 'move', [-21, -3, -55], [-55, -4, 21], [5, -59, 1]]
[6.61, 'move', [-30, -4, -51], [-51, -3, 30], [5, -59, 1]]
[6.63, 'move', [-39, -4, -45], [-45, -3, 39], [5, -59, 1]]
[6.66, 'move', [-46, -5, -37], [-37, -2, 46], [5, -59, 1]]
[6.83, 'move', [-46, -5, -37], [-37, 8, 45], [-1, -59, 9]]
[6.84, 'move', [-46, -5, -37], [-37, 18, 43], [-7, -56, 17]]
[7.19, 'move', [-52, -1, -29], [-28, 18, 49], [-7, -56, 17]]
[7.20, 'move', [-56, 1, -20], [-19, 19, 53], [-7, -56, 17]]
[7.23, 'move', [-58, 4, -10], [-8, 18, 56], [-7, -56, 17]]
[7.27, 'move', [-59, 7, 0], [1, 17, 57], [-7, -56, 17]]
[7.53, 'move', [-58, 4, -10], [-8, 18, 56], [-7, -56, 17]]
[7.56, 'move', [-56, 1, -20], [-19, 19, 53], [-7, -56, 17]]
[7.58, 'move', [-52, -1, -29], [-28, 18, 49], [-7, -56, 17]]
[7.61, 'move', [-46, -5, -37], [-37, 18, 43], [-7, -56, 17]]
[7.63, 'move', [-39, -8, -44], [-44, 17, 36], [-7, -56, 17]]
[7.66, 'move', [-30, -11, -50], [-50, 15, 27], [-7, -56, 17]]
[7.69, 'move', [-21, -13, -54], [-55, 13, 18], [-7, -56, 17]]
[7.70, 'move', [-11, -15, -56], [-58, 10, 9], [-7, -56, 17]]
[7.81, 'turn', 'D1']
[8.09, 'turn', 'F3']
[8.22, 'turn', 'F3']
[8.41, 'move', [-21, -13, -54], [-55, 13, 18], [-7, -56, 17]]
[8.44, 'move', [-30, -11, -50], [-50, 15, 27], [-7, -56, 17]]
[8.45, 'move', [-39, -8, -44], [-44, 17, 36], [-7, -56, 17]]
[8.48, 'move', [-46, -5, -37], [-37, 18, 43], [-7, -56, 17]]
[8.52, 'move', [-52, -1, -29], [-28, 18, 49], [-7, -56, 17]]
[8.53, 'move', [-56, 1, -20], [-19, 19, 53], [-7, -56, 17]]
[8.56, 'move', [-58, 4, -10], [-8, 18, 56], [-7, -56, 17]]
[8.70, 'move', [-59, 7, 0], [1, 17, 57], [-7, -56, 17]]
[8.73, 'move', [-58, 10, 9], [11, 15, 56], [-7, -56, 17]]
[8.77, 'move', [-55, 13, 18], [21, 13, 54], [-7, -56, 17]]
[8.78, 'move', [-50, 15, 27], [30, 11, 50], [-7, -56, 17]]
[9.36, 'move', [-55, 13, 18], [21, 13, 54], [-7, -56, 17]]
[9.39, 'move', [-58, 10, 9], [11, 15, 56], [-7, -56, 17]]
[9.42, 'move', [-59, 7, 0], [1, 17, 57], [-7, -56, 17]]
[9.44, 'move', [-58, 4, -10], [-8, 18, 56], [-7, -56, 17]]
[9.61, 'turn', 'R3']
[9.91, 'move', [-56, 1, -20], [-19, 19, 53], [-7, -56, 17]]
[9.94, 'move', [-52, -1, -29], [-28, 18, 49], [-7, -56, 17]]
[9.95, 'move', [-46, -5, -37], [-37, 18, 43], [-7, -56, 17]]
[9.98, 'move', [-39, -8, -44], [-44, 17, 36], [-7, -56, 17]]
[10.00, 'move', [-30, -11, -50], [-50, 15, 27], [-7, -56, 17]]
[10.03, 'move', [-21, -13, -54], [-55, 13, 18], [-7, -56, 17]]
[10.06, 'move', [-11, -15, -56], [-58, 10, 9], [-7, -56, 17]]
[10.08, 'move', [-1, -17, -57], [-59, 7, 0], [-7, -56, 17]]
[10.11, 'move', [8, -18, -56], [-58, 4, -10], [-7, -56, 17]]
[10.28, 'turn', 'U1']
[10.42, 'turn', 'F1']
[10.59, 'turn', 'F1']
[10.77, 'turn', 'U3']
[11.30, 'move', [-1, -17, -57], [-59, 7, 0], [-7, -56, 17]]
[11.33, 'move', [-11, -15, -56], [-58, 10, 9], [-7, -56, 17]]
[11.36, 'move', [-21, -13, -54], [-55, 13, 18], [-7, -56, 17]]
[11.38, 'move', [-30, -11, -50], [-50, 15, 27], [-7, -56, 17]]
[11.41, 'move', [-39, -8, -44], [-44, 17, 36], [-7, -56, 17]]
[11.44, 'move', [-46, -5, -37], [-37, 18, 43], [-7, -56, 17]]
[11.45, 'move', [-52, -1, -29], [-28, 18, 49], [-7, -56, 17]]
[11.48, 'move', [-56, 1, -20], [-19, 19, 53], [-7, -56, 17]]
[11.50, 'move', [-58, 4, -10], [-8, 18, 56], [-7, -56, 17]]
[11.72, 'turn', 'L3']
[11.89, 'turn', 'F1']
[12.05, 'turn', 'L1']
[12.19, 'turn', 'F1']
[12.89, 'turn', 'F3']
[13.09, 'move', [-58, 4, -10], [-7, 28, 52], [-9, -52, 26]]
[13.13, 'move', [-58, 4, -10], [-5, 36, 47], [-10, -47, 35]]
[13.14, 'move', [-58, 4, -10], [-3, 44, 40], [-11, -40, 43]]
[13.17, 'move', [-58, 4, -10], [-1, 50, 32], [-11, -31, 49]]
[13.20, 'move', [-58, 4, -10], [0, 55, 22], [-11, -22, 54]]
[13.41, 'move', [-58, 4, -10], [2, 58, 13], [-11, -12, 57]]
[13.44, 'move', [-58, 4, -10], [4, 59, 2], [-11, -2, 58]]
[13.45, 'move', [-58, 4, -10], [6, 59, -7], [-10, 8, 58]]
[13.48, 'move', [-58, 4, -10], [7, 56, -17], [-8, 18, 56]]
[13.73, 'move', [-58, 4, -10], [9, 52, -26], [-7, 28, 52]]
[13.86, 'move', [-59, 9, -1], [9, 52, -26], [2, 26, 53]]
[13.89, 'move', [-57, 14, 7], [9, 52, -26], [13, 24, 53]]
[13.92, 'move', [-54, 18, 16], [9, 52, -26], [22, 21, 50]]
[13.94, 'move', [-49, 21, 25], [9, 52, -26], [32, 18, 47]]
[14.19, 'move', [-54, 18, 16], [9, 52, -26], [22, 21, 50]]
[14.22, 'move', [-57, 14, 7], [9, 52, -26], [13, 24, 53]]
[14.25, 'move', [-59, 9, -1], [9, 52, -26], [2, 26, 53]]
[14.27, 'move', [-58, 4, -10], [9, 52, -26], [-7, 28, 52]]
[15.36, 'turn', 'R1']
[15.78, 'turn', 'D3']
[16.05, 'move', [-56, 0, -19], [9, 52, -26], [-17, 28, 49]]
[16.08, 'move', [-52, -5, -28], [9, 52, -26], [-27, 27, 45]]
[16.11, 'move', [-47, -9, -35], [9, 52, -26], [-35, 26, 40]]
[16.13, 'move', [-40, -14, -42], [9, 52, -26], [-43, 24, 33]]
[16.34, 'move', [-47, -9, -35], [9, 52, -26], [-35, 26, 40]]
[16.36, 'move', [-52, -5, -28], [9, 52, -26], [-27, 27, 45]]
[16.39, 'move', [-56, 0, -19], [9, 52, -26], [-17, 28, 49]]
[16.42, 'move', [-58, 4, -10], [9, 52, -26], [-7, 28, 52]]
[16.44, 'move', [-59, 9, -1], [9, 52, -26], [2, 26, 53]]
[16.47, 'move', [-57, 14, 7], [9, 52, -26], [13, 24, 53]]
[16.50, 'move', [-54, 18, 16], [9, 52, -26], [22, 21, 50]]
[16.81, 'move', [-57, 14, 7], [9, 52, -26], [13, 24, 53]]
[16.83, 'move', [-59, 9, -1], [9, 52, -26], [2, 26, 53]]
[16.86, 'move', [-58, 4, -10], [9, 52, -26], [-7, 28, 52]]
[16.88, 'move', [-56, 0, -19], [9, 52, -26], [-17, 28, 49]]
[16.91, 'move', [-52, -5, -28], [9, 52, -26], [-27, 27, 45]]
[16.94, 'move', [-47, -9, -35], [9, 52, -26], [-35, 26, 40]]
[16.95, 'move', [-40, -14, -42], [9, 52, -26], [-43, 24, 33]]
[16.98, 'move', [-32, -18, -47], [9, 52, -26], [-49, 21, 25]]
[17.02, 'move', [-22, -21, -50], [9, 52, -26], [-54, 18, 16]]
[17.03, 'move', [-13, -24, -53], [9, 52, -26], [-57, 14, 7]]
[17.06, 'move', [-2, -26, -53], [9, 52, -26], [-59, 9, -1]]
[17.13, 'turn', 'D3']
[17.39, 'turn', 'B3']
[17.55, 'turn', 'D3']
[17.72, 'turn', 'B1']
[18.00, 'turn', 'R1']
[18.25, 'turn', 'B3']
[18.39, 'turn', 'D3']
[18.52, 'turn', 'D3']
[18.59, 'turn', 'B1']
[18.70, 'turn', 'D1']
[18.97, 'move', [-13, -24, -53], [9, 52, -26], [-57, 14, 7]]
[18.98, 'move', [-22, -21, -50], [9, 52, -26], [-54, 18, 16]]
[19.02, 'move', [-32, -18, -47], [9, 52, -26], [-49, 21, 25]]
[19.03, 'move', [-40, -14, -42], [9, 52, -26], [-43, 24, 33]]
[19.06, 'move', [-47, -9, -35], [9, 52, -26], [-35, 26, 40]]
[19.09, 'move', [-52, -5, -28], [9, 52, -26], [-27, 27, 45]]
[19.11, 'move', [-56, 0, -19], [9, 52, -26], [-17, 28, 49]]
[19.14, 'move', [-58, 4, -10], [9, 52, -26], [-7, 28, 52]]
[19.17, 'move', [-59, 9, -1], [9, 52, -26], [2, 26, 53]]
[19.52, 'move', [-57, 14, 7], [9, 52, -26], [13, 24, 53]]
[19.55, 'move', [-54, 18, 16], [9, 52, -26], [22, 21, 50]]
[19.58, 'move', [-49, 21, 25], [9, 52, -26], [32, 18, 47]]
[19.59, 'move', [-43, 24, 33], [9, 52, -26], [40, 14, 42]]
[19.63, 'move', [-35, 26, 40], [9, 52, -26], [47, 9, 35]]
[19.66, 'move', [-27, 27, 45], [9, 52, -26], [52, 5, 28]]
[19.75, 'move', [-35, 26, 40], [9, 52, -26], [47, 9, 35]]
[19.78, 'move', [-43, 24, 33], [9, 52, -26], [40, 14, 42]]
[19.81, 'move', [-49, 21, 25], [9, 52, -26], [32, 18, 47]]
[19.83, 'move', [-54, 18, 16], [9, 52, -26], [22, 21, 50]]
[19.86, 'move', [-57, 14, 7], [9, 52, -26], [13, 24, 53]]
[19.89, 'move', [-59, 9, -1], [9, 52, -26], [2, 26, 53]]
[19.91, 'move', [-58, 4, -10], [9, 52, -26], [-7, 28, 52]]
[19.94, 'move', [-56, 0, -19], [9, 52, -26], [-17, 28, 49]]
[20.00, 'turn', 'R3']
[20.14, 'move', [-52, -5, -28], [9, 52, -26], [-27, 27, 45]]
[20.16, 'move', [-47, -9, -35], [9, 52, -26], [-35, 26, 40]]
[20.19, 'move', [-40, -14, -42], [9, 52, -26], [-43, 24, 33]]
[20.20, 'move', [-32, -18, -47], [9, 52, -26], [-49, 21, 25]]
[20.23, 'move', [-22, -21, -50], [9, 52, -26], [-54, 18, 16]]
[20.27, 'move', [-13, -24, -53], [9, 52, -26], [-57, 14, 7]]
[20.28, 'move', [-2, -26, -53], [9, 52, -26], [-59, 9, -1]]
[20.31, 'move', [7, -28, -52], [9, 52, -26], [-58, 4, -10]]
[20.34, 'move', [17, -28, -49], [9, 52, -26], [-56, 0, -19]]
[20.67, 'move', [7, -28, -52], [9, 52, -26], [-58, 4, -10]]
[20.70, 'move', [-2, -26, -53], [9, 52, -26], [-59, 9, -1]]
[20.89, 'turn', 'F1']
[21.02, 'turn', 'D1']
[21.14, 'turn', 'D1']
[21.27, 'turn', 'F3']
[21.58, 'move', [-4, -35, -48], [8, 47, -35], [-59, 9, -1]]
[21.61, 'move', [-5, -43, -41], [7, 40, -43], [-59, 9, -1]]
[21.64, 'move', [-7, -49, -32], [6, 32, -50], [-59, 9, -1]]
[21.66, 'move', [-8, -54, -23], [5, 23, -55], [-59, 9, -1]]
[21.69, 'move', [-8, -57, -13], [3, 13, -58], [-59, 9, -1]]
[21.72, 'move', [-9, -59, -3], [2, 3, -59], [-59, 9, -1]]
[21.73, 'move', [-9, -58, 6], [0, -7, -59], [-59, 9, -1]]
[21.77, 'move', [-9, -56, 17], [-1, -17, -57], [-59, 9, -1]]
[21.89, 'move', [-9, -56, 17], [9, -18, -56], [-58, 6, -11]]
[21.92, 'move', [-9, -56, 17], [19, -19, -53], [-56, 3, -21]]
[21.94, 'move', [-9, -56, 17], [28, -19, -48], [-51, 0, -30]]
[21.97, 'move', [-9, -56, 17], [37, -19, -42], [-46, -3, -38]]
[22.00, 'move', [-9, -56, 17], [44, -18, -35], [-38, -7, -45]]
[22.19, 'turn', 'R3']
[22.39, 'move', [-9, -56, 17], [37, -19, -42], [-46, -3, -38]]
[22.42, 'move', [-9, -56, 17], [28, -19, -48], [-51, 0, -30]]
[22.45, 'move', [-9, -56, 17], [19, -19, -53], [-56, 3, -21]]
[22.47, 'move', [-9, -56, 17], [9, -18, -56], [-58, 6, -11]]
[22.50, 'move', [-9, -56, 17], [-1, -17, -57], [-59, 9, -1]]
[22.63, 'turn', 'B1']
[22.83, 'turn', 'R1']
[23.36, 'turn', 'B3']
[23.47, 'move', [-9, -56, 17], [9, -18, -56], [-58, 6, -11]]
[23.48, 'move', [-9, -56, 17], [19, -19, -53], [-56, 3, -21]]
[23.52, 'move', [-9, -56, 17], [28, -19, -48], [-51, 0, -30]]
[23.55, 'move', [-9, -56, 17], [37, -19, -42], [-46, -3, -38]]
[23.56, 'move', [-9, -56, 17], [44, -18, -35], [-38, -7, -45]]
[23.59, 'move', [-9, -56, 17], [50, -16, -27], [-30, -10, -50]]
[23.61, 'move', [-9, -56, 17], [55, -14, -18], [-21, -12, -54]]
[24.23, 'move', [-9, -56, 17], [50, -16, -27], [-30, -10, -50]]
[24.27, 'move', [-9, -56, 17], [44, -18, -35], [-38, -7, -45]]
[24.30, 'move', [-9, -56, 17], [37, -19, -42], [-46, -3, -38]]
[24.31, 'move', [-9, -56, 17], [28, -19, -48], [-51, 0, -30]]
[25.00, 'turn', 'R3']
[25.05, 'move', [-9, -56, 17], [37, -19, -42], [-46, -3, -38]]
[25.08, 'move', [-9, -56, 17], [44, -18, -35], [-38, -7, -45]]
[25.09, 'move', [-9, -56, 17], [50, -16, -27], [-30, -10, -50]]
[25.13, 'move', [-9, -56, 17], [55, -14, -18], [-21, -12, -54]]
[25.16, 'move', [-9, -56, 17], [58, -12, -8], [-11, -15, -56]]
[25.17, 'move', [-9, -56, 17], [59, -9, 1], [-1, -17, -57]]
[25.20, 'move', [-9, -56, 17], [58, -6, 11], [9, -18, -56]]
[25.27, 'turn', 'R3']
[25.47, 'turn', 'D3']
[25.55, 'turn', 'R1']
[25.73, 'turn', 'D1']
[25.78, 'move', [-9, -56, 17], [59, -9, 1], [-1, -17, -57]]
[25.81, 'move', [-9, -56, 17], [58, -12, -8], [-11, -15, -56]]
[25.83, 'move', [-9, -56, 17], [55, -14, -18], [-21, -12, -54]]
[25.86, 'move', [-9, -56, 17], [50, -16, -27], [-30, -10, -50]]
[25.88, 'move', [-9, -56, 17], [44, -18, -35], [-38, -7, -45]]
[25.91, 'move', [-9, -56, 17], [37, -19, -42], [-46, -3, -38]]
[25.94, 'move', [-9, -56, 17], [28, -19, -48], [-51, 0, -30]]
[25.95, 'move', [-9, -56, 17], [19, -19, -53], [-56, 3, -21]]
[26.14, 'turn', 'R1']
[26.27, 'turn', 'B1']
[26.48, 'turn', 'R3']
[26.67, 'turn', 'B3']
[27.11, 'move', [-9, -56, 17], [9, -18, -56], [-58, 6, -11]]
[27.14, 'move', [-9, -56, 17], [-1, -17, -57], [-59, 9, -1]]
[27.16, 'move', [-9, -56, 17], [-11, -15, -56], [-58, 12, 8]]
[27.19, 'move', [-9, -56, 17], [-21, -12, -54], [-55, 14, 18]]
[27.22, 'move', [-9, -56, 17], [-30, -10, -50], [-50, 16, 27]]
[27.23, 'move', [-9, -56, 17], [-38, -7, -45], [-44, 18, 35]]
[27.27, 'move', [-9, -56, 17], [-46, -3, -38], [-37, 19, 42]]
[27.28, 'move', [-9, -56, 17], [-51, 0, -30], [-28, 19, 48]]
[27.31, 'move', [-9, -56, 17], [-56, 3, -21], [-19, 19, 53]]
[27.34, 'move', [-9, -56, 17], [-58, 6, -11], [-9, 18, 56]]
[27.73, 'move', [-9, -56, 17], [-59, 9, -1], [1, 17, 57]]
[27.77, 'move', [-9, -56, 17], [-58, 12, 8], [11, 15, 56]]
[27.78, 'move', [-9, -56, 17], [-55, 14, 18], [21, 12, 54]]
[27.81, 'move', [-9, -56, 17], [-50, 16, 27], [30, 10, 50]]
[27.83, 'move', [-9, -56, 17], [-44, 18, 35], [38, 7, 45]]
[27.86, 'move', [-9, -56, 17], [-37, 19, 42], [46, 3, 38]]
[27.89, 'move', [-9, -56, 17], [-28, 19, 48], [51, 0, 30]]
[27.91, 'move', [-9, -56, 17], [-19, 19, 53], [56, -3, 21]]
[27.94, 'move', [-9, -56, 17], [-9, 18, 56], [58, -6, 11]]
[27.97, 'move', [-9, -56, 17], [1, 17, 57], [59, -9, 1]]
[27.98, 'move', [-9, -56, 17], [11, 15, 56], [58, -12, -8]]
[28.02, 'move', [-9, -56, 17], [21, 12, 54], [55, -14, -18]]
[28.05, 'move', [-9, -56, 17], [30, 10, 50], [50, -16, -27]]
[28.06, 'move', [-9, -56, 17], [38, 7, 45], [44, -18, -35]]
[28.09, 'move', [-9, -56, 17], [46, 3, 38], [37, -19, -42]]
[28.34, 'turn', 'U3']
[28.53, 'move', [-9, -56, 17], [38, 7, 45], [44, -18, -35]]
[28.56, 'move', [-9, -56, 17], [30, 10, 50], [50, -16, -27]]
[28.58, 'move', [-9, -56, 17], [21, 12, 54], [55, -14, -18]]
[28.61, 'move', [-9, -56, 17], [11, 15, 56], [58, -12, -8]]
[28.64, 'move', [-9, -56, 17], [1, 17, 57], [59, -9, 1]]
[28.78, 'turn', 'B3']
[28.98, 'turn', 'R3']
[29.27, 'turn', 'B1']
[29.38, 'move', [-9, -56, 17], [11, 15, 56], [58, -12, -8]]
[29.39, 'move', [-9, -56, 17], [21, 12, 54], [55, -14, -18]]
[29.42, 'move', [-9, -56, 17], [30, 10, 50], [50, -16, -27]]
[29.45, 'move', [-9, -56, 17], [38, 7, 45], [44, -18, -35]]
[29.47, 'move', [-9, -56, 17], [46, 3, 38], [37, -19, -42]]
[29.50, 'move', [-9, -56, 17], [51, 0, 30], [28, -19, -48]]
[29.67, 'turn', 'R1']
[29.94, 'turn', 'U1']
[30.44, 'move', [-9, -56, 17], [56, -3, 21], [19, -19, -53]]
[30.47, 'move', [-9, -56, 17], [58, -6, 11], [9, -18, -56]]
[30.48, 'move', [-9, -56, 17], [59, -9, 1], [-1, -17, -57]]
[30.73, 'turn', 'R3']
[30.89, 'turn', 'R3']
[31.28, 'move', [-9, -56, 17], [58, -12, -8], [-11, -15, -56]]
[31.31, 'move', [-9, -56, 17], [55, -14, -18], [-21, -12, -54]]
[31.33, 'move', [-9, -56, 17], [50, -16, -27], [-30, -10, -50]]
[31.36, 'move', [-9, -56, 17], [44, -18, -35], [-38, -7, -45]]
[31.39, 'move', [-9, -56, 17], [37, -19, -42], [-46, -3, -38]]
[31.41, 'move', [-9, -56, 17], [28, -19, -48], [-51, 0, -30]]
[31.44, 'move', [-9, -56, 17], [19, -19, -53], [-56, 3, -21]]
[31.47, 'move', [-9, -56, 17], [9, -18, -56], [-58, 6, -11]]
[31.48, 'move', [-9, -56, 17], [-1, -17, -57], [-59, 9, -1]]
[31.52, 'move', [-9, -56, 17], [-11, -15, -56], [-58, 12, 8]]
[32.02, 'move', [-9, -56, 17], [-21, -12, -54], [-55, 14, 18]]
[32.03, 'move', [-9, -56, 17], [-30, -10, -50], [-50, 16, 27]]
[32.06, 'move', [-9, -56, 17], [-38, -7, -45], [-44, 18, 35]]
[32.09, 'move', [-9, -56, 17], [-46, -3, -38], [-37, 19, 42]]
[32.11, 'move', [-9, -56, 17], [-51, 0, -30], [-28, 19, 48]]
[32.14, 'move', [-9, -56, 17], [-56, 3, -21], [-19, 19, 53]]
[32.17, 'move', [-9, -56, 17], [-58, 6, -11], [-9, 18, 56]]
[32.19, 'move', [-9, -56, 17], [-59, 9, -1], [1, 17, 57]]
[32.22, 'move', [-9, -56, 17], [-58, 12, 8], [11, 15, 56]]
[32.23, 'move', [-9, -56, 17], [-55, 14, 18], [21, 12, 54]]
[32.27, 'move', [-9, -56, 17], [-50, 16, 27], [30, 10, 50]]
[32.30, 'move', [-9, -56, 17], [-44, 18, 35], [38, 7, 45]]
[32.31, 'move', [-9, -56, 17], [-37, 19, 42], [46, 3, 38]]
[32.34, 'move', [-9, -56, 17], [-28, 19, 48], [51, 0, 30]]
[32.38, 'move', [-9, -56, 17], [-19, 19, 53], [56, -3, 21]]
[32.39, 'move', [-9, -56, 17], [-9, 18, 56], [58, -6, 11]]
[32.42, 'move', [-9, -56, 17], [1, 17, 57], [59, -9, 1]]
[32.73, 'turn', 'F3']
[32.81, 'turn', 'R1']
[33.06, 'turn', 'B1']
[33.16, 'turn', 'R3']
[33.53, 'turn', 'F1']
[33.73, 'turn', 'R1']
[33.97, 'turn', 'B3']
[34.22, 'turn', 'R3']
[34.41, 'turn', 'R3']
[34.75, 'turn', 'F1']
[34.83, 'turn', 'R1']
[35.08, 'turn', 'F3']
[35.22, 'turn', 'R1']
[35.42, 'turn', 'F1']
[35.48, 'turn', 'R1']
[35.67, 'turn', 'R1']
[35.95, 'turn', 'F3']
[36.22, 'turn', 'R1']
[36.34, 'turn', 'R1']