('default', [[2, 6], [10, 8], [7, 6], [9, 6], [11, 11], [4, 3], [5, 9], [1, 9], [0, 9], [6, 12], [3, 8], [8, 9], [7, -1], [5, -5], [6, 5], [4, -1], [2, -4], [0, 5], [1, 0], [3, 1]], 49.842999935150146)
[-11.00, 'move', [45, 0, -38], [19, -51, 22], [33, 30, 39]]
[-10.08, 'move', [51, 5, -31], [19, -51, 22], [24, 29, 45]]
[-10.05, 'move', [54, 10, -22], [19, -51, 22], [15, 28, 50]]
[-10.02, 'move', [56, 15, -13], [19, -51, 22], [5, 25, 53]]
[-9.98, 'move', [56, 19, -3], [19, -51, 22], [-3, 22, 55]]
[-9.97, 'move', [55, 22, 5], [19, -51, 22], [-13, 19, 55]]
[-9.94, 'move', [51, 25, 15], [19, -51, 22], [-23, 15, 53]]
[-9.92, 'move', [47, 28, 24], [19, -51, 22], [-31, 10, 49]]
[-9.89, 'move', [40, 29, 32], [19, -51, 22], [-39, 5, 44]]
[-9.86, 'move', [33, 29, 39], [19, -51, 22], [-45, 0, 38]]
[-9.84, 'move', [24, 29, 45], [19, -51, 22], [-51, -5, 31]]
[-9.81, 'move', [15, 28, 50], [19, -51, 22], [-54, -10, 22]]
[-9.78, 'move', [5, 25, 53], [19, -51, 22], [-56, -14, 13]]
[-9.77, 'move', [-3, 22, 55], [19, -51, 22], [-56, -19, 3]]
[-9.73, 'move', [-13, 19, 55], [19, -51, 22], [-55, -22, -5]]
[-9.72, 'move', [-23, 14, 53], [19, -51, 22], [-51, -25, -15]]
[-9.69, 'move', [-31, 10, 49], [19, -51, 22], [-47, -28, -24]]
[-9.66, 'move', [-39, 5, 44], [19, -51, 22], [-40, -29, -32]]
[-9.64, 'move', [-45, 0, 38], [19, -51, 22], [-33, -29, -39]]
[-9.61, 'move', [-51, -5, 31], [19, -51, 22], [-24, -29, -45]]
[-9.58, 'move', [-54, -10, 22], [19, -51, 22], [-15, -28, -50]]
[-9.56, 'move', [-56, -14, 13], [19, -51, 22], [-5, -25, -53]]
[-9.53, 'move', [-56, -19, 3], [19, -51, 22], [3, -22, -55]]
[-9.50, 'move', [-55, -22, -5], [19, -51, 22], [13, -19, -55]]
[-9.48, 'move', [-51, -25, -15], [19, -51, 22], [23, -15, -53]]
[-9.45, 'move', [-47, -28, -24], [19, -51, 22], [31, -10, -49]]
[-9.44, 'move', [-40, -29, -32], [19, -51, 22], [39, -5, -44]]
[-9.41, 'move', [-33, -29, -39], [19, -51, 22], [45, 0, -38]]
[-9.38, 'move', [-24, -29, -45], [19, -51, 22], [51, 5, -31]]
[-9.36, 'move', [-15, -28, -50], [19, -51, 22], [54, 10, -22]]
[-9.33, 'move', [-5, -25, -53], [19, -51, 22], [56, 14, -13]]
[-9.30, 'move', [3, -22, -55], [19, -51, 22], [56, 19, -3]]
[-9.28, 'move', [13, -19, -55], [19, -51, 22], [55, 22, 5]]
[-9.25, 'move', [23, -15, -53], [19, -51, 22], [51, 25, 15]]
[-9.22, 'move', [31, -10, -49], [19, -51, 22], [47, 28, 24]]
[-9.20, 'move', [27, -1, -53], [24, -52, 13], [47, 28, 24]]
[-9.19, 'move', [23, 8, -54], [28, -52, 4], [47, 28, 24]]
[-9.17, 'move', [17, 17, -54], [32, -50, -5], [47, 28, 24]]
[-9.14, 'move', [11, 25, -52], [35, -46, -14], [47, 28, 24]]
[-9.13, 'move', [5, 33, -49], [36, -41, -23], [47, 28, 24]]
[-9.09, 'move', [0, 39, -44], [37, -34, -31], [47, 28, 24]]
[-9.06, 'move', [-7, 45, -38], [36, -27, -38], [47, 28, 24]]
[-9.05, 'move', [-7, 45, -38], [44, -22, -34], [40, 32, 30]]
[-9.02, 'move', [-7, 45, -38], [50, -16, -28], [31, 35, 36]]
[-8.98, 'move', [-7, 45, -38], [55, -9, -21], [22, 38, 40]]
[-8.97, 'move', [-7, 45, -38], [58, -2, -14], [12, 39, 43]]
[-8.94, 'move', [-7, 45, -38], [59, 3, -6], [2, 39, 45]]
[-8.91, 'move', [-7, 45, -38], [59, 10, 1], [-8, 37, 45]]
[-8.89, 'move', [-7, 45, -38], [56, 17, 9], [-18, 35, 44]]
[-8.86, 'move', [-7, 45, -38], [52, 23, 17], [-27, 31, 42]]
[-8.84, 'move', [-7, 45, -38], [47, 28, 24], [-36, 27, 38]]
[-8.81, 'move', [-7, 45, -38], [40, 32, 30], [-44, 22, 34]]
[-8.78, 'move', [-7, 45, -38], [31, 35, 36], [-50, 16, 28]]
[-8.77, 'move', [-7, 45, -38], [22, 38, 40], [-55, 9, 21]]
[-8.73, 'move', [-7, 45, -38], [12, 39, 43], [-58, 2, 14]]
[-8.70, 'move', [-7, 45, -38], [2, 39, 45], [-59, -3, 6]]
[-8.69, 'move', [-7, 45, -38], [-8, 37, 45], [-59, -10, -1]]
[-8.66, 'move', [-7, 45, -38], [-18, 35, 44], [-56, -17, -9]]
[-8.63, 'move', [-7, 45, -38], [-27, 31, 42], [-52, -23, -17]]
[-8.61, 'move', [-7, 45, -38], [-36, 27, 38], [-47, -28, -24]]
[-8.58, 'move', [-7, 45, -38], [-44, 22, 34], [-40, -32, -30]]
[-8.56, 'move', [-7, 45, -38], [-50, 16, 28], [-31, -35, -36]]
[-8.53, 'move', [-1, 50, -31], [-50, 16, 28], [-32, -27, -42]]
[-8.50, 'move', [4, 54, -23], [-50, 16, 28], [-32, -18, -47]]
[-8.48, 'move', [9, 57, -15], [-50, 16, 28], [-31, -8, -50]]
[-8.45, 'move', [14, 57, -6], [-50, 16, 28], [-29, 1, -52]]
[-8.42, 'move', [19, 56, 2], [-50, 16, 28], [-25, 11, -52]]
[-8.41, 'move', [23, 53, 11], [-50, 16, 28], [-22, 21, -51]]
[-8.38, 'move', [27, 49, 20], [-50, 16, 28], [-17, 30, -48]]
[-8.34, 'move', [27, 49, 20], [-52, 21, 19], [-8, 27, -52]]
[-8.33, 'move', [27, 49, 20], [-53, 25, 10], [0, 22, -55]]
[-8.30, 'move', [27, 49, 20], [-52, 29, 0], [9, 18, -56]]
[-8.28, 'move', [27, 49, 20], [-49, 31, -9], [18, 12, -55]]
[-8.25, 'move', [27, 49, 20], [-45, 33, -19], [27, 7, -52]]
[-8.22, 'move', [27, 49, 20], [-40, 34, -27], [34, 1, -48]]
[-8.20, 'move', [27, 49, 20], [-33, 34, -36], [41, -4, -43]]
[-8.17, 'move', [27, 49, 20], [-26, 32, -42], [46, -10, -36]]
[-8.14, 'move', [27, 49, 20], [-17, 30, -48], [50, -16, -28]]
[-8.13, 'move', [27, 49, 20], [-8, 27, -52], [52, -21, -19]]
[-8.09, 'move', [27, 49, 20], [0, 22, -55], [53, -25, -10]]
[-8.08, 'move', [27, 49, 20], [9, 18, -56], [52, -29, 0]]
[-8.05, 'move', [27, 49, 20], [18, 12, -55], [49, -31, 9]]
[-8.02, 'move', [27, 49, 20], [9, 18, -56], [52, -29, 0]]
[-8.00, 'move', [27, 49, 20], [0, 22, -55], [53, -25, -10]]
[-7.97, 'move', [27, 49, 20], [-8, 27, -52], [52, -21, -19]]
[-7.94, 'move', [27, 49, 20], [-17, 30, -48], [50, -16, -28]]
[-7.92, 'move', [27, 49, 20], [-26, 32, -42], [46, -10, -36]]
[-7.89, 'move', [27, 49, 20], [-33, 34, -36], [41, -4, -43]]
[-7.86, 'move', [27, 49, 20], [-40, 34, -27], [34, 1, -48]]
[-7.84, 'move', [27, 49, 20], [-45, 33, -19], [27, 7, -52]]
[-7.81, 'move', [27, 49, 20], [-49, 31, -9], [18, 12, -55]]
[-7.78, 'move', [27, 49, 20], [-52, 29, 0], [9, 18, -56]]
[-7.77, 'move', [27, 49, 20], [-53, 25, 10], [0, 22, -55]]
[-7.73, 'move', [27, 49, 20], [-52, 21, 19], [-8, 27, -52]]
[-7.72, 'move', [27, 49, 20], [-50, 16, 28], [-17, 30, -48]]
[-7.69, 'move', [27, 49, 20], [-46, 10, 36], [-26, 32, -42]]
[-7.66, 'move', [27, 49, 20], [-41, 4, 43], [-33, 34, -36]]
[-7.64, 'move', [27, 49, 20], [-34, -1, 48], [-40, 34, -27]]
[-7.61, 'move', [33, 48, 11], [-29, 7, 51], [-40, 34, -27]]
[-7.58, 'move', [37, 46, 2], [-23, 15, 53], [-40, 34, -27]]
[-7.56, 'move', [41, 43, -6], [-16, 23, 52], [-40, 34, -27]]
[-7.53, 'move', [43, 38, -15], [-9, 30, 50], [-40, 34, -27]]
[-7.50, 'move', [44, 32, -24], [-1, 36, 47], [-40, 34, -27]]
[-7.48, 'move', [43, 25, -31], [6, 42, 42], [-40, 34, -27]]
[-7.45, 'move', [42, 17, -38], [13, 45, 36], [-40, 34, -27]]
[-7.42, 'move', [38, 9, -44], [20, 48, 28], [-40, 34, -27]]
[-7.36, 'move', [31, 15, -48], [20, 48, 28], [-46, 32, -19]]
[-7.34, 'move', [22, 20, -51], [20, 48, 28], [-51, 28, -11]]
[-7.31, 'move', [13, 25, -52], [20, 48, 28], [-54, 24, -1]]
[-7.28, 'move', [3, 29, -52], [20, 48, 28], [-56, 20, 7]]
[-7.27, 'move', [-5, 32, -50], [20, 48, 28], [-55, 14, 16]]
[-7.23, 'move', [-15, 34, -46], [20, 48, 28], [-54, 8, 24]]
[-7.20, 'move', [-24, 35, -41], [20, 48, 28], [-50, 2, 32]]
[-7.19, 'move', [-33, 35, -35], [20, 48, 28], [-45, -3, 39]]
[-7.16, 'move', [-40, 34, -27], [20, 48, 28], [-38, -9, 44]]
[-7.13, 'move', [-46, 32, -19], [20, 48, 28], [-31, -15, 48]]
[-7.11, 'move', [-51, 28, -11], [20, 48, 28], [-22, -20, 51]]
[-7.08, 'move', [-54, 24, -1], [20, 48, 28], [-13, -25, 52]]
[-7.06, 'move', [-56, 20, 7], [20, 48, 28], [-3, -29, 52]]
[-7.03, 'move', [-55, 14, 16], [20, 48, 28], [5, -32, 50]]
[-7.00, 'move', [-54, 8, 24], [20, 48, 28], [15, -34, 46]]
[-6.98, 'move', [-50, 2, 32], [20, 48, 28], [24, -35, 41]]
[-6.95, 'move', [-45, -3, 39], [20, 48, 28], [33, -35, 35]]
[-6.92, 'move', [-38, -9, 44], [20, 48, 28], [40, -34, 27]]
[-6.91, 'move', [-31, -15, 48], [20, 48, 28], [46, -32, 19]]
[-6.88, 'move', [-22, -20, 51], [20, 48, 28], [51, -28, 11]]
[-6.86, 'move', [-18, -12, 55], [24, 51, 19], [51, -28, 11]]
[-6.83, 'move', [-14, -3, 58], [27, 52, 9], [51, -28, 11]]
[-6.80, 'move', [-9, 6, 58], [29, 52, 0], [51, -28, 11]]
[-6.78, 'move', [-3, 15, 57], [30, 50, -10], [51, -28, 11]]
[-6.73, 'move', [4, 9, 58], [30, 50, -10], [51, -31, 0]]
[-6.70, 'move', [13, 4, 58], [30, 50, -10], [49, -32, -9]]
[-6.67, 'move', [22, -1, 55], [30, 50, -10], [46, -32, -19]]
[-6.66, 'move', [29, -7, 51], [30, 50, -10], [41, -31, -28]]
[-6.63, 'move', [36, -12, 45], [30, 50, -10], [36, -30, -37]]
[-6.61, 'move', [42, -17, 38], [30, 50, -10], [29, -27, -44]]
[-6.58, 'move', [46, -22, 30], [30, 50, -10], [21, -24, -50]]
[-6.55, 'move', [49, -25, 20], [30, 50, -10], [12, -19, -55]]
[-6.53, 'move', [51, -28, 11], [30, 50, -10], [3, -15, -57]]
[-6.50, 'move', [51, -31, 0], [30, 50, -10], [-4, -9, -58]]
[-6.47, 'move', [49, -32, -9], [30, 50, -10], [-13, -4, -58]]
[-6.45, 'move', [46, -32, -19], [30, 50, -10], [-22, 1, -55]]
[-6.42, 'move', [41, -31, -28], [30, 50, -10], [-29, 7, -51]]
[-6.41, 'move', [36, -30, -37], [30, 50, -10], [-36, 12, -45]]
[-6.38, 'move', [29, -27, -44], [30, 50, -10], [-42, 17, -38]]
[-6.34, 'move', [21, -24, -50], [30, 50, -10], [-46, 22, -30]]
[-6.33, 'move', [15, -32, -48], [33, 45, -19], [-46, 22, -30]]
[-6.30, 'move', [9, -39, -43], [36, 39, -27], [-46, 22, -30]]
[-6.27, 'move', [3, -45, -38], [37, 31, -34], [-46, 22, -30]]
[-6.25, 'move', [-3, -50, -31], [37, 23, -40], [-46, 22, -30]]
[-6.22, 'move', [-3, -50, -31], [28, 26, -45], [-52, 17, -22]]
[-6.19, 'move', [-3, -50, -31], [18, 29, -48], [-56, 12, -14]]
[-6.17, 'move', [-3, -50, -31], [8, 31, -50], [-59, 7, -5]]
[-6.14, 'move', [-3, -50, -31], [-1, 31, -50], [-59, 1, 3]]
[-6.13, 'move', [-3, -50, -31], [-12, 31, -49], [-58, -3, 11]]
[-6.09, 'move', [-3, -50, -31], [-22, 30, -46], [-55, -9, 20]]
[-6.06, 'move', [-3, -50, -31], [-31, 28, -42], [-51, -14, 28]]
[-6.05, 'move', [-3, -50, -31], [-39, 25, -36], [-44, -18, 35]]
[-6.02, 'move', [-3, -50, -31], [-46, 22, -30], [-37, -23, 40]]
[-5.98, 'move', [-3, -50, -31], [-52, 17, -22], [-28, -26, 45]]
[-5.97, 'move', [-3, -50, -31], [-56, 12, -14], [-18, -29, 48]]
[-5.94, 'move', [-3, -50, -31], [-59, 7, -5], [-8, -31, 50]]
[-5.92, 'move', [-3, -50, -31], [-59, 1, 3], [1, -31, 50]]
[-5.89, 'move', [-3, -50, -31], [-58, -3, 11], [12, -31, 49]]
[-5.86, 'move', [-3, -50, -31], [-55, -9, 20], [22, -30, 46]]
[-5.84, 'move', [-3, -50, -31], [-51, -14, 28], [31, -28, 42]]
[-5.81, 'move', [-3, -50, -31], [-44, -18, 35], [39, -25, 36]]
[-5.78, 'move', [3, -54, -24], [-44, -18, 35], [39, -16, 41]]
[-5.77, 'move', [10, -56, -17], [-44, -18, 35], [38, -6, 45]]
[-5.73, 'move', [16, -56, -9], [-44, -18, 35], [36, 3, 47]]
[-5.72, 'move', [22, -55, 0], [-44, -18, 35], [32, 12, 48]]
[-5.64, 'move', [22, -55, 0], [-38, -16, 43], [39, 16, 41]]
[-5.63, 'move', [22, -55, 0], [-30, -13, 49], [45, 18, 33]]
[-5.59, 'move', [22, -55, 0], [-22, -9, 54], [50, 20, 24]]
[-5.56, 'move', [22, -55, 0], [-13, -6, 58], [53, 22, 14]]
[-5.55, 'move', [22, -55, 0], [-3, -2, 59], [55, 22, 4]]
[-5.52, 'move', [22, -55, 0], [5, 1, 59], [55, 22, -6]]
[-5.50, 'move', [22, -55, 0], [15, 5, 57], [53, 22, -16]]
[-5.47, 'move', [22, -55, 0], [24, 9, 54], [49, 20, -26]]
[-5.44, 'move', [22, -55, 0], [32, 12, 48], [44, 18, -35]]
[-5.42, 'move', [22, -55, 0], [39, 16, 41], [38, 16, -43]]
[-5.39, 'move', [22, -55, 0], [45, 18, 33], [30, 13, -49]]
[-5.39, 'move', [17, -56, 7], [45, 18, 33], [34, 3, -48]]
[-5.36, 'move', [10, -56, 16], [45, 18, 33], [36, -6, -46]]
[-5.33, 'move', [4, -54, 24], [45, 18, 33], [38, -16, -43]]
[-5.22, 'move', [4, -54, 24], [51, 15, 25], [29, -19, -48]]
[-5.20, 'move', [4, -54, 24], [56, 12, 16], [20, -21, -52]]
[-5.17, 'move', [4, -54, 24], [58, 8, 7], [10, -23, -54]]
[-5.16, 'move', [4, -54, 24], [59, 3, -2], [0, -24, -54]]
[-5.13, 'move', [4, -54, 24], [58, 0, -11], [-10, -24, -53]]
[-5.09, 'move', [4, -54, 24], [56, -4, -20], [-20, -24, -50]]
[-5.08, 'move', [4, -54, 24], [51, -8, -29], [-30, -23, -46]]
[-4.89, 'move', [4, -54, 24], [45, -12, -36], [-38, -21, -40]]
[-4.86, 'move', [4, -54, 24], [38, -16, -43], [-45, -18, -33]]
[-4.83, 'move', [4, -54, 24], [29, -19, -48], [-51, -15, -25]]
[-4.81, 'move', [4, -54, 24], [20, -21, -52], [-56, -12, -16]]
[-4.78, 'move', [4, -54, 24], [10, -23, -54], [-58, -8, -7]]
[-4.75, 'move', [4, -54, 24], [0, -24, -54], [-59, -3, 2]]
[-4.73, 'move', [4, -54, 24], [-10, -24, -53], [-58, 0, 11]]
[-4.70, 'move', [4, -54, 24], [-20, -24, -50], [-56, 4, 20]]
[-4.69, 'move', [4, -54, 24], [-30, -23, -46], [-51, 8, 29]]
[-4.66, 'move', [4, -54, 24], [-38, -21, -40], [-45, 12, 36]]
[-4.63, 'move', [4, -54, 24], [-45, -18, -33], [-38, 16, 43]]
[-4.61, 'move', [4, -54, 24], [-51, -15, -25], [-29, 19, 48]]
[-4.58, 'move', [4, -54, 24], [-56, -12, -16], [-20, 21, 52]]
[-4.55, 'move', [4, -54, 24], [-58, -8, -7], [-10, 23, 54]]
[-4.53, 'move', [4, -54, 24], [-59, -3, 2], [0, 24, 54]]
[-4.50, 'move', [4, -54, 24], [-58, 0, 11], [10, 24, 53]]
[-4.48, 'move', [4, -54, 24], [-56, 4, 20], [20, 24, 50]]
[-4.45, 'move', [4, -54, 24], [-51, 8, 29], [30, 23, 46]]
[-4.42, 'move', [4, -54, 24], [-45, 12, 36], [38, 21, 40]]
[-4.41, 'move', [4, -54, 24], [-38, 16, 43], [45, 18, 33]]
[-4.38, 'move', [4, -54, 24], [-29, 19, 48], [51, 15, 25]]
[-4.34, 'move', [4, -54, 24], [-20, 21, 52], [56, 12, 16]]
[-4.33, 'move', [4, -54, 24], [-10, 23, 54], [58, 8, 7]]
[-4.30, 'move', [4, -54, 24], [0, 24, 54], [59, 3, -2]]
[-4.27, 'move', [4, -54, 24], [10, 24, 53], [58, 0, -11]]
[-4.25, 'move', [4, -54, 24], [20, 24, 50], [56, -4, -20]]
[-4.22, 'move', [4, -54, 24], [30, 23, 46], [51, -8, -29]]
[-4.20, 'move', [4, -54, 24], [38, 21, 40], [45, -12, -36]]
[-4.17, 'move', [4, -54, 24], [45, 18, 33], [38, -16, -43]]
[-4.14, 'move', [4, -54, 24], [51, 15, 25], [29, -19, -48]]
[-4.13, 'move', [4, -54, 24], [56, 12, 16], [20, -21, -52]]
[-4.09, 'move', [4, -54, 24], [58, 8, 7], [10, -23, -54]]
[-4.06, 'move', [4, -54, 24], [59, 3, -2], [0, -24, -54]]
[-4.05, 'move', [4, -54, 24], [58, 0, -11], [-10, -24, -53]]
[-3.77, 'move', [4, -54, 24], [59, 3, -2], [0, -24, -54]]
[-3.75, 'move', [4, -54, 24], [58, 8, 7], [10, -23, -54]]
[-3.72, 'move', [4, -54, 24], [56, 12, 16], [20, -21, -52]]
[-3.69, 'move', [4, -54, 24], [51, 15, 25], [29, -19, -48]]
[-3.67, 'move', [4, -54, 24], [45, 18, 33], [38, -16, -43]]
[-3.64, 'move', [4, -54, 24], [38, 21, 40], [45, -12, -36]]
[-3.61, 'move', [4, -54, 24], [30, 23, 46], [51, -8, -29]]
[-3.59, 'move', [4, -54, 24], [20, 24, 50], [56, -4, -20]]
[0.20, 'turn', 'B3']
[0.48, 'turn', 'R3']
[0.66, 'turn', 'R3']
[0.80, 'turn', 'B1']
[1.39, 'turn', 'B3']
[1.77, 'turn', 'F3']
[2.23, 'turn', 'F1']
[2.45, 'turn', 'D3']
[2.88, 'turn', 'F3']
[2.98, 'turn', 'R3']
[3.09, 'turn', 'R3']
[3.14, 'turn', 'F1']
[4.00, 'move', [4, -54, 24], [30, 23, 46], [51, -8, -29]]
[4.03, 'move', [4, -54, 24], [38, 21, 40], [45, -12, -36]]
[4.06, 'move', [4, -54, 24], [45, 18, 33], [38, -16, -43]]
[4.08, 'move', [4, -54, 24], [51, 15, 25], [29, -19, -48]]
[4.11, 'move', [4, -54, 24], [56, 12, 16], [20, -21, -52]]
[4.14, 'move', [4, -54, 24], [58, 8, 7], [10, -23, -54]]
[4.16, 'move', [4, -54, 24], [59, 3, -2], [0, -24, -54]]
[4.19, 'move', [4, -54, 24], [58, 0, -11], [-10, -24, -53]]
[4.20, 'move', [4, -54, 24], [56, -4, -20], [-20, -24, -50]]
[4.23, 'move', [4, -54, 24], [51, -8, -29], [-30, -23, -46]]
[4.27, 'move', [4, -54, 24], [45, -12, -36], [-38, -21, -40]]
[4.28, 'move', [4, -54, 24], [38, -16, -43], [-45, -18, -33]]
[4.31, 'move', [4, -54, 24], [29, -19, -48], [-51, -15, -25]]
[4.34, 'move', [4, -54, 24], [20, -21, -52], [-56, -12, -16]]
[4.36, 'move', [4, -54, 24], [10, -23, -54], [-58, -8, -7]]
[4.39, 'move', [4, -54, 24], [0, -24, -54], [-59, -3, 2]]
[4.42, 'move', [4, -54, 24], [-10, -24, -53], [-58, 0, 11]]
[4.44, 'move', [4, -54, 24], [-20, -24, -50], [-56, 4, 20]]
[4.72, 'move', [4, -54, 24], [-10, -24, -53], [-58, 0, 11]]
[4.73, 'move', [4, -54, 24], [0, -24, -54], [-59, -3, 2]]
[4.77, 'move', [4, -54, 24], [10, -23, -54], [-58, -8, -7]]
[4.78, 'move', [4, -54, 24], [20, -21, -52], [-56, -12, -16]]
[4.81, 'move', [4, -54, 24], [29, -19, -48], [-51, -15, -25]]
[4.84, 'move', [4, -54, 24], [38, -16, -43], [-45, -18, -33]]
[4.86, 'move', [4, -54, 24], [45, -12, -36], [-38, -21, -40]]
[4.89, 'move', [4, -54, 24], [51, -8, -29], [-30, -23, -46]]
[4.92, 'move', [4, -54, 24], [56, -4, -20], [-20, -24, -50]]
[4.94, 'move', [4, -54, 24], [58, 0, -11], [-10, -24, -53]]
[5.11, 'turn', 'D3']
[5.53, 'move', [4, -54, 24], [59, 3, -2], [0, -24, -54]]
[5.55, 'move', [4, -54, 24], [58, 8, 7], [10, -23, -54]]
[5.58, 'move', [4, -54, 24], [56, 12, 16], [20, -21, -52]]
[5.61, 'move', [4, -54, 24], [51, 15, 25], [29, -19, -48]]
[5.63, 'move', [4, -54, 24], [45, 18, 33], [38, -16, -43]]
[5.66, 'move', [4, -54, 24], [38, 21, 40], [45, -12, -36]]
[5.67, 'move', [4, -54, 24], [30, 23, 46], [51, -8, -29]]
[5.70, 'move', [4, -54, 24], [20, 24, 50], [56, -4, -20]]
[5.73, 'move', [4, -54, 24], [10, 24, 53], [58, 0, -11]]
[5.75, 'move', [4, -54, 24], [0, 24, 54], [59, 3, -2]]
[5.78, 'turn', 'B1']
[5.97, 'move', [4, -54, 24], [-10, 23, 54], [58, 8, 7]]
[6.00, 'move', [4, -54, 24], [-20, 21, 52], [56, 12, 16]]
[6.02, 'move', [4, -54, 24], [-29, 19, 48], [51, 15, 25]]
[6.05, 'move', [4, -54, 24], [-38, 16, 43], [45, 18, 33]]
[6.08, 'move', [4, -54, 24], [-45, 12, 36], [38, 21, 40]]
[6.09, 'move', [4, -54, 24], [-51, 8, 29], [30, 23, 46]]
[6.13, 'move', [4, -54, 24], [-56, 4, 20], [20, 24, 50]]
[6.14, 'move', [4, -54, 24], [-58, 0, 11], [10, 24, 53]]
[6.22, 'turn', 'U1']
[6.34, 'turn', 'R1']
[6.48, 'turn', 'R1']
[6.59, 'turn', 'U3']
[7.34, 'move', [4, -54, 24], [-56, 4, 20], [20, 24, 50]]
[7.36, 'move', [4, -54, 24], [-51, 8, 29], [30, 23, 46]]
[7.39, 'move', [4, -54, 24], [-45, 12, 36], [38, 21, 40]]
[7.42, 'move', [4, -54, 24], [-38, 16, 43], [45, 18, 33]]
[7.44, 'move', [4, -54, 24], [-29, 19, 48], [51, 15, 25]]
[7.47, 'move', [4, -54, 24], [-20, 21, 52], [56, 12, 16]]
[7.50, 'move', [4, -54, 24], [-10, 23, 54], [58, 8, 7]]
[7.52, 'move', [4, -54, 24], [0, 24, 54], [59, 3, -2]]
[7.55, 'move', [4, -54, 24], [10, 24, 53], [58, 0, -11]]
[7.56, 'move', [4, -54, 24], [20, 24, 50], [56, -4, -20]]
[7.59, 'move', [4, -54, 24], [30, 23, 46], [51, -8, -29]]
[7.63, 'move', [4, -54, 24], [38, 21, 40], [45, -12, -36]]
[7.64, 'move', [4, -54, 24], [45, 18, 33], [38, -16, -43]]
[7.67, 'move', [4, -54, 24], [51, 15, 25], [29, -19, -48]]
[7.70, 'move', [4, -54, 24], [56, 12, 16], [20, -21, -52]]
[7.95, 'move', [4, -54, 24], [51, 15, 25], [29, -19, -48]]
[7.97, 'move', [4, -54, 24], [45, 18, 33], [38, -16, -43]]
[8.00, 'move', [4, -54, 24], [38, 21, 40], [45, -12, -36]]
[8.03, 'move', [4, -54, 24], [30, 23, 46], [51, -8, -29]]
[8.05, 'move', [4, -54, 24], [20, 24, 50], [56, -4, -20]]
[8.08, 'move', [4, -54, 24], [10, 24, 53], [58, 0, -11]]
[8.14, 'turn', 'B3']
[8.44, 'turn', 'R3']
[8.56, 'turn', 'R3']
[8.78, 'move', [4, -54, 24], [0, 24, 54], [59, 3, -2]]
[8.80, 'move', [4, -54, 24], [-10, 23, 54], [58, 8, 7]]
[8.83, 'move', [4, -54, 24], [-20, 21, 52], [56, 12, 16]]
[8.86, 'move', [4, -54, 24], [-29, 19, 48], [51, 15, 25]]
[8.88, 'move', [4, -54, 24], [-38, 16, 43], [45, 18, 33]]
[8.91, 'move', [4, -54, 24], [-45, 12, 36], [38, 21, 40]]
[8.94, 'move', [4, -54, 24], [-51, 8, 29], [30, 23, 46]]
[8.95, 'move', [4, -54, 24], [-56, 4, 20], [20, 24, 50]]
[8.98, 'move', [4, -54, 24], [-58, 0, 11], [10, 24, 53]]
[9.00, 'move', [4, -54, 24], [-59, -3, 2], [0, 24, 54]]
[9.05, 'turn', 'R3']
[9.20, 'turn', 'D3']
[9.33, 'turn', 'R3']
[9.69, 'turn', 'R3']
[10.00, 'move', [4, -58, 14], [-59, -3, 2], [0, 14, 58]]
[10.02, 'move', [4, -59, 4], [-59, -3, 2], [1, 4, 59]]
[10.05, 'move', [3, -59, -6], [-59, -3, 2], [2, -6, 59]]
[10.08, 'move', [3, -57, -16], [-59, -3, 2], [3, -16, 57]]
[10.09, 'move', [2, -53, -26], [-59, -3, 2], [3, -26, 53]]
[10.13, 'move', [1, -48, -35], [-59, -3, 2], [3, -35, 48]]
[10.16, 'move', [1, -41, -43], [-59, -3, 2], [4, -43, 41]]
[10.17, 'move', [0, -33, -49], [-59, -3, 2], [4, -49, 33]]
[10.20, 'move', [0, -24, -54], [-59, -3, 2], [4, -54, 24]]
[10.22, 'move', [0, -14, -58], [-59, -3, 2], [4, -58, 14]]
[10.25, 'move', [-1, -4, -59], [-59, -3, 2], [4, -59, 4]]
[10.28, 'move', [-2, 6, -59], [-59, -3, 2], [3, -59, -6]]
[10.30, 'move', [-3, 16, -57], [-59, -3, 2], [3, -57, -16]]
[10.33, 'move', [-3, 26, -53], [-59, -3, 2], [2, -53, -26]]
[10.36, 'move', [-3, 35, -48], [-59, -3, 2], [1, -48, -35]]
[10.38, 'move', [-4, 43, -41], [-59, -3, 2], [1, -41, -43]]
[10.41, 'move', [-4, 43, -41], [-58, -11, -5], [11, -40, -42]]
[10.42, 'move', [-4, 43, -41], [-55, -17, -12], [21, -37, -41]]
[10.45, 'move', [-4, 43, -41], [-51, -24, -19], [31, -34, -38]]
[10.48, 'move', [-4, 43, -41], [-45, -29, -26], [39, -29, -34]]
[10.50, 'move', [-4, 43, -41], [-37, -34, -31], [46, -23, -29]]
[10.53, 'move', [-4, 43, -41], [-28, -37, -36], [52, -17, -23]]
[10.56, 'move', [-4, 43, -41], [-19, -40, -39], [56, -10, -16]]
[10.58, 'move', [-4, 43, -41], [-9, -41, -42], [59, -3, -9]]
[10.61, 'move', [-4, 43, -41], [1, -41, -43], [59, 3, -2]]
[10.64, 'move', [-4, 43, -41], [11, -40, -42], [58, 11, 5]]
[11.25, 'move', [-6, 49, -33], [10, -32, -49], [58, 11, 5]]
[11.69, 'turn', 'F1']
[12.52, 'turn', 'F1']
[12.84, 'turn', 'F1']
[13.06, 'turn', 'F1']
[13.34, 'move', [-6, 49, -33], [20, -29, -47], [55, 16, 14]]
[13.38, 'move', [-6, 49, -33], [30, -26, -44], [51, 21, 22]]
[13.41, 'move', [-6, 49, -33], [38, -22, -40], [45, 25, 29]]
[13.42, 'move', [-6, 49, -33], [45, -17, -34], [38, 29, 36]]
[13.45, 'move', [-6, 49, -33], [51, -12, -27], [29, 31, 41]]
[13.48, 'move', [-6, 49, -33], [56, -6, -19], [20, 33, 45]]
[13.50, 'move', [-6, 49, -33], [58, 0, -11], [9, 34, 48]]
[13.69, 'turn', 'U1']
[14.09, 'move', [-6, 49, -33], [56, -6, -19], [20, 33, 45]]
[14.11, 'move', [-6, 49, -33], [51, -12, -27], [29, 31, 41]]
[14.14, 'move', [-6, 49, -33], [45, -17, -34], [38, 29, 36]]
[14.17, 'move', [-6, 49, -33], [38, -22, -40], [45, 25, 29]]
[14.19, 'move', [-6, 49, -33], [30, -26, -44], [51, 21, 22]]
[14.22, 'move', [-6, 49, -33], [20, -29, -47], [55, 16, 14]]
[14.23, 'move', [-6, 49, -33], [10, -32, -49], [58, 11, 5]]
[14.27, 'move', [-6, 49, -33], [0, -33, -49], [59, 5, -3]]
[14.30, 'turn', 'B1']
[14.30, 'move', [-6, 49, -33], [-9, -34, -48], [58, 0, -11]]
[14.31, 'move', [-6, 49, -33], [-20, -33, -45], [56, -6, -19]]
[14.50, 'turn', 'L3']
[15.66, 'turn', 'F3']
[15.73, 'turn', 'L3']
[15.86, 'turn', 'L3']
[15.94, 'turn', 'F1']
[16.42, 'turn', 'B3']
[16.52, 'move', [-6, 49, -33], [-9, -34, -48], [58, 0, -11]]
[16.53, 'move', [-6, 49, -33], [0, -33, -49], [59, 5, -3]]
[16.56, 'move', [-6, 49, -33], [10, -32, -49], [58, 11, 5]]
[16.58, 'move', [-6, 49, -33], [20, -29, -47], [55, 16, 14]]
[16.61, 'move', [-6, 49, -33], [30, -26, -44], [51, 21, 22]]
[16.64, 'move', [-6, 49, -33], [38, -22, -40], [45, 25, 29]]
[16.66, 'move', [-6, 49, -33], [45, -17, -34], [38, 29, 36]]
[16.69, 'move', [-6, 49, -33], [51, -12, -27], [29, 31, 41]]
[16.72, 'move', [-6, 49, -33], [56, -6, -19], [20, 33, 45]]
[16.91, 'move', [-6, 49, -33], [58, 0, -11], [9, 34, 48]]
[17.17, 'turn', 'U3']
[17.28, 'turn', 'D1']
[17.41, 'turn', 'L1']
[17.58, 'turn', 'D3']
[17.69, 'move', [-6, 49, -33], [56, -6, -19], [20, 33, 45]]
[17.72, 'move', [-6, 49, -33], [51, -12, -27], [29, 31, 41]]
[17.73, 'move', [-6, 49, -33], [45, -17, -34], [38, 29, 36]]
[17.77, 'move', [-6, 49, -33], [38, -22, -40], [45, 25, 29]]
[17.80, 'move', [-6, 49, -33], [30, -26, -44], [51, 21, 22]]
[17.81, 'move', [-6, 49, -33], [20, -29, -47], [55, 16, 14]]
[17.84, 'move', [-6, 49, -33], [10, -32, -49], [58, 11, 5]]
[17.86, 'move', [-4, 43, -41], [11, -40, -42], [58, 11, 5]]
[17.89, 'move', [-2, 35, -48], [12, -47, -35], [58, 11, 5]]
[17.92, 'move', [0, 26, -53], [12, -52, -26], [58, 11, 5]]
[17.94, 'move', [2, 17, -57], [12, -56, -16], [58, 11, 5]]
[17.97, 'move', [4, 7, -59], [11, -58, -6], [58, 11, 5]]
[18.00, 'move', [6, -3, -59], [10, -58, 4], [58, 11, 5]]
[18.02, 'move', [7, -13, -57], [9, -57, 14], [58, 11, 5]]
[18.05, 'move', [9, -23, -54], [7, -54, 24], [58, 11, 5]]
[18.08, 'move', [10, -32, -49], [6, -49, 33], [58, 11, 5]]
[18.09, 'move', [11, -40, -42], [4, -43, 41], [58, 11, 5]]
[18.13, 'move', [12, -47, -35], [2, -35, 48], [58, 11, 5]]
[18.64, 'move', [11, -40, -42], [4, -43, 41], [58, 11, 5]]
[18.67, 'move', [10, -32, -49], [6, -49, 33], [58, 11, 5]]
[18.69, 'move', [9, -23, -54], [7, -54, 24], [58, 11, 5]]
[18.72, 'move', [7, -13, -57], [9, -57, 14], [58, 11, 5]]
[18.73, 'move', [6, -3, -59], [10, -58, 4], [58, 11, 5]]
[18.77, 'move', [4, 7, -59], [11, -58, -6], [58, 11, 5]]
[19.03, 'move', [-6, 5, -59], [11, -58, -6], [58, 12, -4]]
[19.06, 'move', [-16, 2, -57], [11, -58, -6], [56, 12, -15]]
[19.09, 'move', [-25, 0, -54], [11, -58, -6], [52, 13, -24]]
[19.11, 'move', [-34, -1, -49], [11, -58, -6], [47, 13, -33]]
[19.25, 'move', [-31, -11, -49], [17, -57, 2], [47, 13, -33]]
[19.27, 'move', [-28, -21, -48], [22, -54, 10], [47, 13, -33]]
[19.30, 'move', [-24, -30, -45], [27, -49, 19], [47, 13, -33]]
[19.73, 'move', [-15, -27, -50], [27, -49, 19], [51, 18, -25]]
[19.75, 'move', [-6, -24, -54], [27, -49, 19], [53, 22, -16]]
[19.78, 'move', [3, -20, -56], [27, -49, 19], [53, 26, -6]]
[19.81, 'move', [12, -15, -56], [27, -49, 19], [51, 29, 3]]
[19.83, 'move', [21, -9, -55], [27, -49, 19], [49, 31, 13]]
[20.38, 'move', [12, -15, -56], [27, -49, 19], [51, 29, 3]]
[20.39, 'move', [3, -20, -56], [27, -49, 19], [53, 26, -6]]
[20.42, 'move', [-6, -24, -54], [27, -49, 19], [53, 22, -16]]
[20.45, 'move', [-15, -27, -50], [27, -49, 19], [51, 18, -25]]
[21.14, 'turn', 'U3']
[21.34, 'turn', 'B3']
[21.55, 'turn', 'U3']
[21.72, 'turn', 'U3']
[23.06, 'move', [-6, -24, -54], [27, -49, 19], [53, 22, -16]]
[23.08, 'move', [3, -20, -56], [27, -49, 19], [53, 26, -6]]
[23.11, 'move', [12, -15, -56], [27, -49, 19], [51, 29, 3]]
[23.14, 'move', [21, -9, -55], [27, -49, 19], [49, 31, 13]]
[23.16, 'move', [29, -4, -52], [27, -49, 19], [44, 33, 22]]
[23.19, 'move', [36, 1, -47], [27, -49, 19], [38, 33, 31]]
[23.20, 'move', [42, 7, -41], [27, -49, 19], [31, 32, 39]]
[23.23, 'move', [47, 13, -33], [27, -49, 19], [24, 30, 45]]
[23.27, 'move', [51, 18, -25], [27, -49, 19], [15, 27, 50]]
[23.28, 'move', [53, 22, -16], [27, -49, 19], [6, 24, 54]]
[23.31, 'move', [53, 26, -6], [27, -49, 19], [-3, 20, 56]]
[23.50, 'turn', 'L1']
[23.56, 'turn', 'U1']
[23.70, 'turn', 'U1']
[23.78, 'turn', 'L3']
[24.09, 'move', [53, 22, -16], [27, -49, 19], [6, 24, 54]]
[24.13, 'move', [51, 18, -25], [27, -49, 19], [15, 27, 50]]
[24.16, 'move', [47, 13, -33], [27, -49, 19], [24, 30, 45]]
[24.17, 'move', [42, 7, -41], [27, -49, 19], [31, 32, 39]]
[24.20, 'move', [36, 1, -47], [27, -49, 19], [38, 33, 31]]
[24.22, 'move', [29, -4, -52], [27, -49, 19], [44, 33, 22]]
[24.25, 'move', [21, -9, -55], [27, -49, 19], [49, 31, 13]]
[24.28, 'move', [12, -15, -56], [27, -49, 19], [51, 29, 3]]
[24.30, 'move', [3, -20, -56], [27, -49, 19], [53, 26, -6]]
[24.33, 'move', [-6, -24, -54], [27, -49, 19], [53, 22, -16]]
[24.36, 'move', [-15, -27, -50], [27, -49, 19], [51, 18, -25]]
[24.38, 'move', [-24, -30, -45], [27, -49, 19], [47, 13, -33]]
[24.41, 'move', [-31, -32, -39], [27, -49, 19], [42, 7, -41]]
[24.42, 'move', [-38, -33, -31], [27, -49, 19], [36, 1, -47]]
[24.66, 'move', [-31, -32, -39], [27, -49, 19], [42, 7, -41]]
[24.69, 'move', [-24, -30, -45], [27, -49, 19], [47, 13, -33]]
[24.70, 'move', [-15, -27, -50], [27, -49, 19], [51, 18, -25]]
[24.73, 'move', [-6, -24, -54], [27, -49, 19], [53, 22, -16]]
[24.77, 'move', [3, -20, -56], [27, -49, 19], [53, 26, -6]]
[25.08, 'turn', 'B3']
[25.41, 'turn', 'B3']
[25.78, 'move', [-6, -24, -54], [27, -49, 19], [53, 22, -16]]
[25.81, 'move', [-15, -27, -50], [27, -49, 19], [51, 18, -25]]
[25.83, 'move', [-24, -30, -45], [27, -49, 19], [47, 13, -33]]
[25.86, 'move', [-31, -32, -39], [27, -49, 19], [42, 7, -41]]
[25.89, 'move', [-38, -33, -31], [27, -49, 19], [36, 1, -47]]
[25.91, 'move', [-44, -33, -22], [27, -49, 19], [29, -4, -52]]
[26.92, 'move', [-38, -33, -31], [27, -49, 19], [36, 1, -47]]
[26.95, 'move', [-31, -32, -39], [27, -49, 19], [42, 7, -41]]
[26.97, 'move', [-24, -30, -45], [27, -49, 19], [47, 13, -33]]
[27.00, 'move', [-15, -27, -50], [27, -49, 19], [51, 18, -25]]
[27.02, 'move', [-6, -24, -54], [27, -49, 19], [53, 22, -16]]
[27.05, 'move', [3, -20, -56], [27, -49, 19], [53, 26, -6]]
[27.08, 'move', [12, -15, -56], [27, -49, 19], [51, 29, 3]]
[27.09, 'move', [21, -9, -55], [27, -49, 19], [49, 31, 13]]
[27.13, 'move', [29, -4, -52], [27, -49, 19], [44, 33, 22]]
[27.16, 'move', [36, 1, -47], [27, -49, 19], [38, 33, 31]]
[27.19, 'turn', 'B3']
[27.41, 'move', [42, 7, -41], [27, -49, 19], [31, 32, 39]]
[27.44, 'move', [47, 13, -33], [27, -49, 19], [24, 30, 45]]
[27.45, 'move', [51, 18, -25], [27, -49, 19], [15, 27, 50]]
[27.48, 'move', [53, 22, -16], [27, -49, 19], [6, 24, 54]]
[27.52, 'move', [53, 26, -6], [27, -49, 19], [-3, 20, 56]]
[27.53, 'move', [51, 29, 3], [27, -49, 19], [-12, 15, 56]]
[28.05, 'turn', 'U3']
[28.27, 'turn', 'R3']
[28.39, 'turn', 'U1']
[28.58, 'turn', 'R1']
[28.67, 'turn', 'U1']
[28.94, 'move', [51, 29, 3], [24, -46, 28], [-16, 23, 52]]
[28.97, 'move', [51, 29, 3], [21, -41, 37], [-20, 31, 46]]
[28.98, 'move', [51, 29, 3], [17, -35, 44], [-24, 38, 39]]
[29.02, 'move', [51, 29, 3], [13, -28, 51], [-26, 43, 31]]
[29.05, 'move', [51, 29, 3], [8, -20, 55], [-28, 47, 21]]
[29.06, 'move', [51, 29, 3], [3, -11, 58], [-29, 50, 11]]
[29.09, 'move', [51, 29, 3], [-2, -2, 59], [-29, 52, 1]]
[29.13, 'move', [51, 29, 3], [-7, 6, 59], [-29, 51, -9]]
[29.14, 'move', [51, 29, 3], [-12, 15, 56], [-27, 49, -19]]
[29.39, 'move', [49, 31, 13], [-21, 9, 55], [-27, 49, -19]]
[29.42, 'move', [44, 33, 22], [-29, 4, 52], [-27, 49, -19]]
[29.72, 'move', [38, 33, 31], [-36, -1, 47], [-27, 49, -19]]
[29.73, 'move', [31, 32, 39], [-42, -7, 41], [-27, 49, -19]]
[29.77, 'move', [24, 30, 45], [-47, -13, 33], [-27, 49, -19]]
[29.78, 'move', [15, 27, 50], [-51, -18, 25], [-27, 49, -19]]
[29.97, 'turn', 'B1']
[30.41, 'turn', 'U3']
[30.63, 'turn', 'B3']
[31.33, 'turn', 'U1']
[31.63, 'move', [24, 30, 45], [-47, -13, 33], [-27, 49, -19]]
[31.64, 'move', [31, 32, 39], [-42, -7, 41], [-27, 49, -19]]
[31.67, 'move', [38, 33, 31], [-36, -1, 47], [-27, 49, -19]]
[31.70, 'move', [44, 33, 22], [-29, 4, 52], [-27, 49, -19]]
[31.72, 'move', [49, 31, 13], [-21, 9, 55], [-27, 49, -19]]
[31.84, 'turn', 'B1']
[32.00, 'move', [44, 33, 22], [-29, 4, 52], [-27, 49, -19]]
[32.03, 'move', [38, 33, 31], [-36, -1, 47], [-27, 49, -19]]
[32.05, 'move', [31, 32, 39], [-42, -7, 41], [-27, 49, -19]]
[32.08, 'move', [24, 30, 45], [-47, -13, 33], [-27, 49, -19]]
[32.44, 'move', [15, 27, 50], [-51, -18, 25], [-27, 49, -19]]
[32.45, 'move', [6, 24, 54], [-53, -22, 16], [-27, 49, -19]]
[32.48, 'move', [-3, 20, 56], [-53, -26, 6], [-27, 49, -19]]
[32.64, 'turn', 'U3']
[32.73, 'turn', 'B1']
[32.91, 'turn', 'U1']
[33.00, 'move', [6, 24, 54], [-53, -22, 16], [-27, 49, -19]]
[33.02, 'move', [15, 27, 50], [-51, -18, 25], [-27, 49, -19]]
[33.05, 'move', [24, 30, 45], [-47, -13, 33], [-27, 49, -19]]
[33.06, 'move', [31, 32, 39], [-42, -7, 41], [-27, 49, -19]]
[33.09, 'move', [38, 33, 31], [-36, -1, 47], [-27, 49, -19]]
[33.13, 'move', [44, 33, 22], [-29, 4, 52], [-27, 49, -19]]
[33.14, 'move', [49, 31, 13], [-21, 9, 55], [-27, 49, -19]]
[33.17, 'move', [51, 29, 3], [-12, 15, 56], [-27, 49, -19]]
[33.20, 'move', [53, 26, -6], [-3, 20, 56], [-27, 49, -19]]
[33.28, 'turn', 'B1']
[33.41, 'turn', 'R1']
[33.53, 'turn', 'B3']
[33.67, 'turn', 'R3']
[34.13, 'move', [53, 22, -16], [6, 24, 54], [-27, 49, -19]]
[34.14, 'move', [51, 18, -25], [15, 27, 50], [-27, 49, -19]]
[34.17, 'move', [47, 13, -33], [24, 30, 45], [-27, 49, -19]]
[34.20, 'move', [42, 7, -41], [31, 32, 39], [-27, 49, -19]]
[34.22, 'move', [36, 1, -47], [38, 33, 31], [-27, 49, -19]]
[34.25, 'move', [29, -4, -52], [44, 33, 22], [-27, 49, -19]]
[34.28, 'move', [21, -9, -55], [49, 31, 13], [-27, 49, -19]]
[34.30, 'move', [12, -15, -56], [51, 29, 3], [-27, 49, -19]]
[34.33, 'move', [3, -20, -56], [53, 26, -6], [-27, 49, -19]]
[34.36, 'move', [-6, -24, -54], [53, 22, -16], [-27, 49, -19]]
[34.38, 'move', [-15, -27, -50], [51, 18, -25], [-27, 49, -19]]
[34.41, 'move', [-24, -30, -45], [47, 13, -33], [-27, 49, -19]]
[34.44, 'move', [-31, -32, -39], [42, 7, -41], [-27, 49, -19]]
[34.45, 'move', [-38, -33, -31], [36, 1, -47], [-27, 49, -19]]
[34.48, 'move', [-44, -33, -22], [29, -4, -52], [-27, 49, -19]]
[34.50, 'move', [-49, -31, -13], [21, -9, -55], [-27, 49, -19]]
[34.61, 'turn', 'L3']
[34.72, 'move', [-44, -33, -22], [29, -4, -52], [-27, 49, -19]]
[34.75, 'move', [-38, -33, -31], [36, 1, -47], [-27, 49, -19]]
[34.78, 'move', [-31, -32, -39], [42, 7, -41], [-27, 49, -19]]
[34.80, 'move', [-24, -30, -45], [47, 13, -33], [-27, 49, -19]]
[34.83, 'move', [-15, -27, -50], [51, 18, -25], [-27, 49, -19]]
[34.91, 'turn', 'B3']
[35.11, 'turn', 'D3']
[35.20, 'turn', 'B1']
[35.41, 'turn', 'D1']
[35.45, 'move', [-24, -30, -45], [47, 13, -33], [-27, 49, -19]]
[35.47, 'move', [-31, -32, -39], [42, 7, -41], [-27, 49, -19]]
[35.50, 'move', [-38, -33, -31], [36, 1, -47], [-27, 49, -19]]
[35.52, 'move', [-44, -33, -22], [29, -4, -52], [-27, 49, -19]]
[35.55, 'move', [-49, -31, -13], [21, -9, -55], [-27, 49, -19]]
[35.58, 'move', [-51, -29, -3], [12, -15, -56], [-27, 49, -19]]
[35.59, 'move', [-53, -26, 6], [3, -20, -56], [-27, 49, -19]]
[35.64, 'turn', 'L1']
[36.13, 'move', [-53, -22, 16], [-6, -24, -54], [-27, 49, -19]]
[36.14, 'move', [-51, -18, 25], [-15, -27, -50], [-27, 49, -19]]
[36.17, 'move', [-47, -13, 33], [-24, -30, -45], [-27, 49, -19]]
[36.20, 'move', [-42, -7, 41], [-31, -32, -39], [-27, 49, -19]]
[36.22, 'move', [-36, -1, 47], [-38, -33, -31], [-27, 49, -19]]
[36.25, 'move', [-29, 4, 52], [-44, -33, -22], [-27, 49, -19]]
[36.28, 'move', [-21, 9, 55], [-49, -31, -13], [-27, 49, -19]]
[36.30, 'move', [-12, 15, 56], [-51, -29, -3], [-27, 49, -19]]
[36.53, 'turn', 'U3']
[36.64, 'turn', 'B3']
[36.72, 'turn', 'U1']
[36.83, 'turn', 'B3']
[36.94, 'turn', 'U3']
[37.05, 'turn', 'B3']
[37.22, 'turn', 'B3']
[37.33, 'turn', 'U1']
[37.53, 'turn', 'D1']
[37.64, 'turn', 'B1']
[37.81, 'turn', 'D3']
[37.97, 'turn', 'B1']
[38.09, 'turn', 'D1']
[38.17, 'turn', 'B1']
[38.38, 'turn', 'B1']
[38.44, 'turn', 'D3']
[38.75, 'move', [-21, 9, 55], [-49, -31, -13], [-27, 49, -19]]
[38.78, 'move', [-29, 4, 52], [-44, -33, -22], [-27, 49, -19]]
[38.80, 'move', [-36, -1, 47], [-38, -33, -31], [-27, 49, -19]]
[38.83, 'move', [-42, -7, 41], [-31, -32, -39], [-27, 49, -19]]
[38.86, 'move', [-47, -13, 33], [-24, -30, -45], [-27, 49, -19]]
[38.88, 'move', [-51, -18, 25], [-15, -27, -50], [-27, 49, -19]]
[38.91, 'move', [-53, -22, 16], [-6, -24, -54], [-27, 49, -19]]
[38.92, 'move', [-53, -26, 6], [3, -20, -56], [-27, 49, -19]]
[38.95, 'move', [-51, -29, -3], [12, -15, -56], [-27, 49, -19]]
[38.98, 'move', [-49, -31, -13], [21, -9, -55], [-27, 49, -19]]
[39.00, 'move', [-44, -33, -22], [29, -4, -52], [-27, 49, -19]]
[39.16, 'move', [-49, -31, -13], [21, -9, -55], [-27, 49, -19]]
[39.19, 'move', [-51, -29, -3], [12, -15, -56], [-27, 49, -19]]
[39.20, 'move', [-53, -26, 6], [3, -20, -56], [-27, 49, -19]]
[39.23, 'move', [-53, -22, 16], [-6, -24, -54], [-27, 49, -19]]
[39.28, 'turn', 'B3']
[39.48, 'move', [-51, -18, 25], [-15, -27, -50], [-27, 49, -19]]
[39.52, 'move', [-47, -13, 33], [-24, -30, -45], [-27, 49, -19]]
[39.55, 'move', [-42, -7, 41], [-31, -32, -39], [-27, 49, -19]]
[39.56, 'move', [-36, -1, 47], [-38, -33, -31], [-27, 49, -19]]
[39.59, 'move', [-29, 4, 52], [-44, -33, -22], [-27, 49, -19]]
[39.61, 'move', [-21, 9, 55], [-49, -31, -13], [-27, 49, -19]]
[39.64, 'move', [-12, 15, 56], [-51, -29, -3], [-27, 49, -19]]
[39.67, 'move', [-3, 20, 56], [-53, -26, 6], [-27, 49, -19]]
[39.69, 'move', [6, 24, 54], [-53, -22, 16], [-27, 49, -19]]
[39.72, 'move', [15, 27, 50], [-51, -18, 25], [-27, 49, -19]]
[39.75, 'move', [24, 30, 45], [-47, -13, 33], [-27, 49, -19]]
[39.77, 'move', [31, 32, 39], [-42, -7, 41], [-27, 49, -19]]
[39.80, 'move', [38, 33, 31], [-36, -1, 47], [-27, 49, -19]]
[39.83, 'move', [44, 33, 22], [-29, 4, 52], [-27, 49, -19]]
[39.84, 'move', [49, 31, 13], [-21, 9, 55], [-27, 49, -19]]
[39.88, 'move', [51, 29, 3], [-12, 15, 56], [-27, 49, -19]]
[40.11, 'move', [53, 26, -6], [-3, 20, 56], [-27, 49, -19]]
[40.13, 'move', [53, 22, -16], [6, 24, 54], [-27, 49, -19]]
[40.16, 'move', [51, 18, -25], [15, 27, 50], [-27, 49, -19]]
[40.19, 'move', [47, 13, -33], [24, 30, 45], [-27, 49, -19]]
[40.20, 'move', [42, 7, -41], [31, 32, 39], [-27, 49, -19]]
[40.23, 'move', [36, 1, -47], [38, 33, 31], [-27, 49, -19]]
[40.27, 'move', [29, -4, -52], [44, 33, 22], [-27, 49, -19]]
[40.28, 'move', [21, -9, -55], [49, 31, 13], [-27, 49, -19]]
[40.31, 'move', [12, -15, -56], [51, 29, 3], [-27, 49, -19]]
[40.78, 'turn', 'D1']
[40.83, 'turn', 'B3']
[41.02, 'turn', 'U3']
[41.13, 'turn', 'B1']
[41.23, 'turn', 'D3']
[41.30, 'turn', 'B3']
[41.38, 'turn', 'U1']
[41.42, 'turn', 'B1']
[41.58, 'turn', 'B1']
[41.67, 'turn', 'D3']
[41.77, 'turn', 'B3']
[41.86, 'turn', 'D1']
[41.95, 'turn', 'B3']
[42.06, 'turn', 'D3']
[42.17, 'turn', 'B3']
[42.34, 'turn', 'B3']
[42.44, 'turn', 'D1']
[42.58, 'turn', 'B3']
[42.75, 'turn', 'B3']
[43.34, 'turn', 'L1']
[43.52, 'turn', 'L1']
[43.77, 'turn', 'B3']
[43.83, 'turn', 'D1']
[43.83, 'turn', 'U3']
[43.92, 'turn', 'L1']
[44.09, 'turn', 'L1']
[44.16, 'turn', 'D3']
[44.28, 'turn', 'U1']
[44.34, 'turn', 'B3']
[44.45, 'turn', 'L1']
[44.61, 'turn', 'L1']
[45.13, 'move', [3, -20, -56], [53, 26, -6], [-27, 49, -19]]
[45.16, 'move', [-6, -24, -54], [53, 22, -16], [-27, 49, -19]]
[45.17, 'move', [-15, -27, -50], [51, 18, -25], [-27, 49, -19]]
[45.20, 'move', [-24, -30, -45], [47, 13, -33], [-27, 49, -19]]
[45.23, 'move', [-31, -32, -39], [42, 7, -41], [-27, 49, -19]]
[45.25, 'move', [-38, -33, -31], [36, 1, -47], [-27, 49, -19]]
[45.28, 'move', [-44, -33, -22], [29, -4, -52], [-27, 49, -19]]
[45.31, 'move', [-49, -31, -13], [21, -9, -55], [-27, 49, -19]]
[45.45, 'move', [-44, -33, -22], [29, -4, -52], [-27, 49, -19]]
[45.48, 'move', [-38, -33, -31], [36, 1, -47], [-27, 49, -19]]
[45.50, 'move', [-31, -32, -39], [42, 7, -41], [-27, 49, -19]]
[45.53, 'move', [-24, -30, -45], [47, 13, -33], [-27, 49, -19]]
[45.56, 'move', [-15, -27, -50], [51, 18, -25], [-27, 49, -19]]
[45.58, 'move', [-6, -24, -54], [53, 22, -16], [-27, 49, -19]]
[45.61, 'move', [3, -20, -56], [53, 26, -6], [-27, 49, -19]]
[45.63, 'move', [12, -15, -56], [51, 29, 3], [-27, 49, -19]]
[45.66, 'move', [21, -9, -55], [49, 31, 13], [-27, 49, -19]]
[45.69, 'move', [29, -4, -52], [44, 33, 22], [-27, 49, -19]]
[45.70, 'move', [36, 1, -47], [38, 33, 31], [-27, 49, -19]]
[45.73, 'move', [42, 7, -41], [31, 32, 39], [-27, 49, -19]]
[45.98, 'move', [36, 1, -47], [38, 33, 31], [-27, 49, -19]]
[46.02, 'move', [29, -4, -52], [44, 33, 22], [-27, 49, -19]]
[46.03, 'move', [21, -9, -55], [49, 31, 13], [-27, 49, -19]]
[46.06, 'move', [12, -15, -56], [51, 29, 3], [-27, 49, -19]]
[46.09, 'move', [3, -20, -56], [53, 26, -6], [-27, 49, -19]]
[46.31, 'turn', 'L1']
[46.47, 'turn', 'L1']
[46.52, 'turn', 'B3']
[46.58, 'turn', 'D1']
[46.61, 'turn', 'U3']
[46.69, 'turn', 'L1']
[46.84, 'turn', 'L1']
[46.95, 'turn', 'D3']
[47.03, 'turn', 'U1']
[47.16, 'turn', 'B3']
[47.23, 'turn', 'L1']
[47.41, 'turn', 'L1']
[47.69, 'move', [-6, -24, -54], [53, 22, -16], [-27, 49, -19]]
[47.72, 'move', [-15, -27, -50], [51, 18, -25], [-27, 49, -19]]
[47.75, 'move', [-24, -30, -45], [47, 13, -33], [-27, 49, -19]]
[47.77, 'move', [-31, -32, -39], [42, 7, -41], [-27, 49, -19]]
[47.80, 'move', [-38, -33, -31], [36, 1, -47], [-27, 49, -19]]
[47.83, 'move', [-44, -33, -22], [29, -4, -52], [-27, 49, -19]]
[47.84, 'move', [-49, -31, -13], [21, -9, -55], [-27, 49, -19]]
[47.88, 'move', [-51, -29, -3], [12, -15, -56], [-27, 49, -19]]
[47.89, 'move', [-53, -26, 6], [3, -20, -56], [-27, 49, -19]]
[47.92, 'move', [-53, -22, 16], [-6, -24, -54], [-27, 49, -19]]
[47.95, 'move', [-51, -18, 25], [-15, -27, -50], [-27, 49, -19]]
[47.97, 'move', [-47, -13, 33], [-24, -30, -45], [-27, 49, -19]]
[48.00, 'move', [-42, -7, 41], [-31, -32, -39], [-27, 49, -19]]
[48.03, 'move', [-36, -1, 47], [-38, -33, -31], [-27, 49, -19]]
[48.05, 'move', [-29, 4, 52], [-44, -33, -22], [-27, 49, -19]]
[48.08, 'move', [-21, 9, 55], [-49, -31, -13], [-27, 49, -19]]
[48.11, 'move', [-12, 15, 56], [-51, -29, -3], [-27, 49, -19]]
[48.33, 'turn', 'R1']
[48.48, 'turn', 'R1']
[48.66, 'turn', 'B1']
[48.84, 'turn', 'U1']
[48.89, 'turn', 'D3']
[49.16, 'turn', 'R1']
[49.31, 'turn', 'R1']
[49.45, 'turn', 'U3']
[49.45, 'turn', 'D1']
[49.53, 'turn', 'B1']
[49.69, 'turn', 'R1']
[49.84, 'turn', 'R1']