('41749450', [[7, 8], [8, 5], [9, 6], [3, 8], [2, 5], [5, 7], [6, 7], [4, 5], [11, 3], [1, 6], [0, 5], [10, 7], [6, 5], [5, -5], [7, 9], [2, 0], [4, -12], [3, -1], [1, 0], [0, 4]], 36.030999898910522)
[-11.00, 'move', [-55, -6, -20], [21, -10, -54], [-2, 58, -12]]
[-10.53, 'move', [21, -10, -54], [55, 6, 20], [-2, 58, -12]]
[-9.69, 'move', [55, 6, 20], [-21, 10, 54], [-2, 58, -12]]
[-7.59, 'move', [-21, 10, 54], [-55, -6, -20], [-2, 58, -12]]
[-6.75, 'move', [55, 6, 20], [-21, 10, 54], [-2, 58, -12]]
[-6.00, 'move', [21, -10, -54], [55, 6, 20], [-2, 58, -12]]
[-4.91, 'move', [55, 6, 20], [-21, 10, 54], [-2, 58, -12]]
[-4.41, 'move', [-21, 10, 54], [-55, -6, -20], [-2, 58, -12]]
[-3.69, 'move', [55, 6, 20], [-21, 10, 54], [-2, 58, -12]]
[-3.38, 'move', [55, 6, 20], [2, -58, 12], [-21, 10, 54]]
[-2.53, 'move', [55, 6, 20], [-21, 10, 54], [-2, 58, -12]]
[-1.94, 'move', [-21, 10, 54], [-55, -6, -20], [-2, 58, -12]]
[-0.94, 'move', [-55, -6, -20], [21, -10, -54], [-2, 58, -12]]
[0.19, 'turn', 'R1']
[0.50, 'move', [-21, 10, 54], [-55, -6, -20], [-2, 58, -12]]
[0.81, 'turn', 'U3']
[1.09, 'move', [55, 6, 20], [-21, 10, 54], [-2, 58, -12]]
[1.50, 'move', [-21, 10, 54], [-55, -6, -20], [-2, 58, -12]]
[1.84, 'turn', 'D1']
[2.22, 'move', [-55, -6, -20], [21, -10, -54], [-2, 58, -12]]
[2.47, 'move', [21, -10, -54], [55, 6, 20], [-2, 58, -12]]
[3.25, 'turn', 'U1']
[3.81, 'turn', 'D1']
[3.94, 'turn', 'B1']
[4.13, 'turn', 'D3']
[4.31, 'move', [-55, -6, -20], [21, -10, -54], [-2, 58, -12]]
[4.72, 'turn', 'B3']
[5.00, 'move', [21, -10, -54], [55, 6, 20], [-2, 58, -12]]
[5.28, 'turn', 'D1']
[5.50, 'move', [-55, -6, -20], [21, -10, -54], [-2, 58, -12]]
[5.94, 'move', [-21, 10, 54], [-55, -6, -20], [-2, 58, -12]]
[6.75, 'move', [-55, -6, -20], [21, -10, -54], [-2, 58, -12]]
[7.00, 'turn', 'R3']
[7.16, 'turn', 'R3']
[7.28, 'move', [-21, 10, 54], [-55, -6, -20], [-2, 58, -12]]
[7.78, 'move', [55, 6, 20], [-21, 10, 54], [-2, 58, -12]]
[8.13, 'turn', 'B1']
[8.47, 'move', [-21, 10, 54], [-55, -6, -20], [-2, 58, -12]]
[8.75, 'turn', 'U3']
[9.06, 'turn', 'B3']
[9.53, 'move', [-2, 58, -12], [-55, -6, -20], [21, -10, -54]]
[9.66, 'move', [21, -10, -54], [-55, -6, -20], [2, -58, 12]]
[10.00, 'move', [-55, -6, -20], [-21, 10, 54], [2, -58, 12]]
[10.53, 'turn', 'F1']
[10.75, 'move', [-21, 10, 54], [55, 6, 20], [2, -58, 12]]
[11.09, 'turn', 'F1']
[11.22, 'move', [-55, -6, -20], [-21, 10, 54], [2, -58, 12]]
[11.53, 'turn', 'R1']
[11.97, 'move', [21, -10, -54], [-55, -6, -20], [2, -58, 12]]
[12.19, 'turn', 'U1']
[12.41, 'turn', 'F3']
[12.66, 'turn', 'U3']
[12.88, 'turn', 'F1']
[12.94, 'move', [-55, -6, -20], [-21, 10, 54], [2, -58, 12]]
[13.78, 'move', [-21, 10, 54], [55, 6, 20], [2, -58, 12]]
[14.03, 'move', [-55, -6, -20], [-21, 10, 54], [2, -58, 12]]
[14.50, 'move', [21, -10, -54], [-55, -6, -20], [2, -58, 12]]
[15.31, 'turn', 'D1']
[15.59, 'move', [-55, -6, -20], [-21, 10, 54], [2, -58, 12]]
[15.94, 'turn', 'R1']
[16.22, 'move', [21, -10, -54], [-55, -6, -20], [2, -58, 12]]
[16.44, 'turn', 'U1']
[16.56, 'turn', 'F1']
[16.69, 'turn', 'F1']
[16.84, 'turn', 'U3']
[16.97, 'move', [-55, -6, -20], [-21, 10, 54], [2, -58, 12]]
[17.13, 'move', [-55, -6, -20], [-2, 58, -12], [-21, 10, 54]]
[17.78, 'turn', 'D1']
[18.16, 'move', [-21, 10, 54], [-2, 58, -12], [55, 6, 20]]
[18.66, 'move', [-55, -6, -20], [-2, 58, -12], [-21, 10, 54]]
[19.03, 'turn', 'D1']
[19.16, 'turn', 'D1']
[19.75, 'turn', 'D1']
[20.06, 'turn', 'R3']
[20.25, 'turn', 'D3']
[20.44, 'turn', 'D3']
[21.47, 'turn', 'R3']
[21.94, 'turn', 'R3']
[22.47, 'move', [21, -10, -54], [-2, 58, -12], [-55, -6, -20]]
[23.09, 'move', [-55, -6, -20], [-2, 58, -12], [-21, 10, 54]]
[23.59, 'turn', 'R3']
[24.56, 'turn', 'R3']
[24.97, 'turn', 'R3']
[25.50, 'turn', 'R3']
[25.72, 'move', [21, -10, -54], [-2, 58, -12], [-55, -6, -20]]
[26.38, 'turn', 'D3']
[26.66, 'turn', 'B3']
[26.78, 'turn', 'D1']
[26.94, 'turn', 'B1']
[27.06, 'turn', 'D1']
[27.28, 'move', [-55, -6, -20], [-2, 58, -12], [-21, 10, 54]]
[27.63, 'move', [21, -10, -54], [-2, 58, -12], [-55, -6, -20]]
[28.06, 'turn', 'F1']
[28.19, 'turn', 'D1']
[28.31, 'turn', 'D1']
[28.44, 'turn', 'F3']
[28.78, 'move', [2, -58, 12], [21, -10, -54], [-55, -6, -20]]
[29.75, 'turn', 'R1']
[29.94, 'turn', 'B1']
[30.13, 'turn', 'R3']
[30.22, 'turn', 'B3']
[30.38, 'move', [2, -58, 12], [55, 6, 20], [21, -10, -54]]
[30.63, 'turn', 'R3']
[30.84, 'turn', 'D3']
[30.94, 'turn', 'R1']
[31.16, 'turn', 'D1']
[31.25, 'move', [2, -58, 12], [21, -10, -54], [-55, -6, -20]]
[32.00, 'move', [2, -58, 12], [-55, -6, -20], [-21, 10, 54]]
[32.31, 'turn', 'D3']
[32.44, 'move', [2, -58, 12], [21, -10, -54], [-55, -6, -20]]
[32.59, 'turn', 'F3']
[32.75, 'turn', 'R3']
[32.94, 'turn', 'F1']
[33.22, 'move', [2, -58, 12], [-55, -6, -20], [-21, 10, 54]]
[33.44, 'turn', 'R1']
[33.56, 'turn', 'D1']
[34.34, 'move', [2, -58, 12], [21, -10, -54], [-55, -6, -20]]
[34.47, 'turn', 'F3']
[34.56, 'turn', 'R3']
[34.69, 'turn', 'F1']
[34.78, 'turn', 'R3']
[34.88, 'turn', 'F3']
[35.00, 'turn', 'R3']
[35.16, 'turn', 'R3']
[35.25, 'turn', 'F1']
[35.59, 'turn', 'R3']
[35.84, 'turn', 'R3']
[36.03, 'turn', 'R3']